0.60000000000	2667.84337051238	0.00000000000	0.85077098381
1.20000000000	6833.16451472763	4.00000000000	1.77806368978
0.60000000000	6073.21253949031	1.00000000000	1.64788172215
1.20000000000	2338.27856572405	5.00000000000	1.90768020296
1.20000000000	2285.87049969185	7.00000000000	1.76700518984
1.20000000000	2430.49725483798	2.00000000000	1.87535337632
1.20000000000	6083.38366946701	5.00000000000	1.81454653185
0.56900000000	2038.86788944843	6.00000000000	1.70718469057
0.60000000000	1729.27844244522	6.00000000000	1.77259812184
1.37800000000	6320.12389096250	7.00000000000	1.81175462423
0.60000000000	2586.91639983718	3.00000000000	1.81267767155
0.60000000000	1934.55993297946	4.00000000000	1.86631654094
1.03500000000	2392.88361200547	5.00000000000	1.77295750765
0.60000000000	1761.87395048031	6.00000000000	1.75592086500
0.60000000000	2887.28466124328	2.00000000000	1.84962051448
1.20000000000	2316.31980421100	4.00000000000	1.99844811955
1.20000000000	6439.96556467993	7.00000000000	1.63479119094
1.20000000000	2126.49416937139	4.00000000000	1.95728825321
1.20000000000	4538.69052319867	7.00000000000	1.73004907501
1.20000000000	2425.41788283825	4.00000000000	1.95052237959
0.64300000000	2141.87127188356	4.00000000000	1.87994161768
1.20000000000	2024.01529737925	6.00000000000	1.90364303005
0.59400000000	1890.45221892806	5.00000000000	1.76325091583
1.20000000000	7430.05525145712	2.00000000000	1.66850321206
0.60000000000	2349.47160222350	4.00000000000	1.63652394437
1.20000000000	2160.38360206855	7.00000000000	1.87149934566
1.20000000000	2187.27044001408	7.00000000000	1.81741617708
1.20000000000	6968.57442242349	1.00000000000	1.66548057787
1.20000000000	3309.22735532617	3.00000000000	1.86429279818
1.37800000000	2273.31282603749	7.00000000000	1.86517634527
0.60000000000	2935.68373252001	1.00000000000	1.73440619096
0.60000000000	6951.03911910278	1.00000000000	1.61387815453
0.60000000000	1769.97423269854	6.00000000000	1.75015086667
1.20000000000	7517.59783452744	2.00000000000	1.65882773688
1.20000000000	2548.63404993490	1.00000000000	1.78383915194
0.83900000000	2710.19008171682	1.00000000000	1.84646972021
1.20000000000	2461.63750363790	2.00000000000	1.85932046276
0.49600000000	5477.30695698582	6.00000000000	1.57592908570
0.60000000000	3018.03529201137	0.00000000000	0.80244866975
0.60000000000	2820.49057798333	1.00000000000	1.78635731653
0.64300000000	2146.95513140724	4.00000000000	1.87619941881
1.10800000000	7337.04417027973	2.00000000000	1.66230468213
1.35300000000	2430.14568418993	1.00000000000	1.93225824464
0.30000000000	5705.82891485952	4.00000000000	1.02240185966
1.05900000000	6862.02256279345	4.00000000000	1.63979407253
0.60000000000	3608.51222682681	5.00000000000	1.88764428373
0.60000000000	1554.79805181633	7.00000000000	1.58742560137
0.32400000000	2706.62999238076	2.00000000000	1.19051033657
0.60000000000	1581.24303575966	7.00000000000	1.57003626683
1.20000000000	6989.75899435644	2.00000000000	1.75301220681
0.59400000000	2817.20176438022	1.00000000000	1.83225918711
1.20000000000	6262.67154308076	4.00000000000	1.80767945755
1.20000000000	2098.66881484360	6.00000000000	2.00615051976
0.60000000000	2824.49322741154	2.00000000000	1.86407541408
1.20000000000	3767.70350961170	2.00000000000	1.83035910055
1.20000000000	2092.36706964574	5.00000000000	1.95408754816
1.20000000000	5757.06880585783	3.00000000000	1.75245044386
1.20000000000	2283.75283566981	7.00000000000	1.76811074735
1.20000000000	2393.74919185351	6.00000000000	1.83989308647
0.60000000000	1724.85820605907	7.00000000000	1.50152647608
0.60000000000	2197.88867815331	5.00000000000	1.72498283790
1.20000000000	2294.23121428772	5.00000000000	1.92818107024
0.60000000000	1702.42893264912	7.00000000000	1.33738069155
1.20000000000	2461.63750363790	1.00000000000	1.90244971278
0.60000000000	1666.58595926430	6.00000000000	1.80938424629
1.20000000000	4265.32056848141	3.00000000000	1.77642909289
0.60000000000	2916.80030149958	1.00000000000	1.82802471481
1.20000000000	5731.93382761644	5.00000000000	1.82814172707
1.20000000000	6875.80745546853	6.00000000000	1.70601420383
1.20000000000	2277.37607658093	4.00000000000	1.82077837031
1.20000000000	6569.24266427938	5.00000000000	1.79080034666
1.23100000000	2439.84987648137	2.00000000000	1.83696618248
1.20000000000	2430.49725483798	2.00000000000	1.87533377477
1.20000000000	2548.63404993490	0.00000000000	0.95684345774
0.60000000000	4525.21304654591	2.00000000000	1.68201020147
1.20000000000	2312.25236191737	4.00000000000	2.00130550946
0.60000000000	2292.25764901011	0.00000000000	0.87488502853
1.20000000000	2225.09774066153	5.00000000000	1.96105097384
1.20000000000	2398.89277187896	2.00000000000	1.90728151364
1.20000000000	6444.33106300366	6.00000000000	1.76488990322
1.20000000000	6671.32797671071	7.00000000000	1.59858425405
0.30000000000	1336.94705641340	6.00000000000	1.32007658171
1.20000000000	7094.74022687230	2.00000000000	1.76496367947
1.20000000000	2461.63750363790	2.00000000000	1.85832061299
1.20000000000	2548.63404993490	2.00000000000	1.83495368141
0.60000000000	2776.72709396959	1.00000000000	1.79569258200
0.60000000000	1653.69765723529	7.00000000000	1.52313987625
1.20000000000	1969.02977049746	6.00000000000	1.87433749274
0.60000000000	1749.71126289018	6.00000000000	1.76123558903
0.79000000000	2629.38396787081	3.00000000000	1.87301694266
1.20000000000	2407.19024572156	3.00000000000	1.88645187389
1.20000000000	2289.20780821855	6.00000000000	1.86935889151
0.60000000000	1601.98178403950	7.00000000000	1.55643056365
1.20000000000	2410.16483967322	3.00000000000	1.88392842814
0.60000000000	2443.66598643170	3.00000000000	1.81590987348
0.60000000000	1794.69649446736	6.00000000000	1.73713163546
1.20000000000	7620.32576893620	0.00000000000	1.01487120283
0.60000000000	2643.41896201091	2.00000000000	1.90325071460
1.20000000000	6220.92357200424	6.00000000000	1.68837180952
0.60000000000	2453.52544930681	4.00000000000	1.73515102705
1.20000000000	2430.49725483798	2.00000000000	1.87616292301
1.20000000000	7109.88347001575	1.00000000000	1.66229535036
0.60000000000	1766.47255775142	6.00000000000	1.75257935803
0.60000000000	2801.37339900484	1.00000000000	1.77585607098
1.20000000000	6565.41068706984	5.00000000000	1.79155553342
1.20000000000	2316.76613855233	6.00000000000	1.85579999119
1.20000000000	2316.89350734017	6.00000000000	1.85572860572
0.60000000000	2760.47604656432	1.00000000000	1.79923448621
1.40200000000	2218.05323862271	3.00000000000	1.91895325297
1.20000000000	2385.14265860357	3.00000000000	1.93658593986
0.64300000000	2731.76202043192	0.00000000000	1.01966160515
1.20000000000	2308.11878428735	6.00000000000	1.86066751976
0.60000000000	1668.22966209310	6.00000000000	1.80715934930
1.20000000000	2556.30519714330	0.00000000000	0.95106343057
1.20000000000	2548.63404993490	1.00000000000	1.78383915194
1.20000000000	39.23518468194	7.00000000000	3.79830698372
0.30000000000	2621.53021563735	1.00000000000	0.95716392684
1.20000000000	1232.31649842996	0.00000000000	0.96038024443
0.60000000000	2654.98889978711	3.00000000000	1.65305224891
0.60000000000	6073.21253949031	2.00000000000	1.62911449850
0.74100000000	2481.68382510016	3.00000000000	1.85032119733
0.60000000000	2722.86016128026	1.00000000000	1.80759503145
1.20000000000	7142.24913667777	1.00000000000	1.74460256083
1.20000000000	2602.14002825458	0.00000000000	0.92348307665
1.20000000000	2348.02961810253	4.00000000000	1.89040326296
1.20000000000	2430.49725483798	2.00000000000	1.87548210982
1.20000000000	2211.19136202435	7.00000000000	1.80500109625
1.20000000000	2430.49725483798	1.00000000000	1.83069197172
1.20000000000	2299.80316172967	7.00000000000	1.75978788272
1.20000000000	2366.98362818317	2.00000000000	1.91167547852
1.20000000000	2415.28592926085	5.00000000000	1.79546928100
0.60000000000	1685.12083169292	6.00000000000	1.79883866920
1.20000000000	6940.86464466829	3.00000000000	1.69204498649
1.20000000000	7339.00885397859	4.00000000000	1.70486509411
1.20000000000	6540.30210018985	4.00000000000	1.77906589012
1.20000000000	1990.18956310057	6.00000000000	2.07003305818
0.59400000000	2817.20176438022	2.00000000000	1.80634630348
1.20000000000	2188.31613467597	2.00000000000	1.88165534470
1.47600000000	6179.63658181563	5.00000000000	1.89916600892
0.60000000000	9135.38838195029	2.00000000000	1.53260089509
0.60000000000	798.29886958114	3.00000000000	1.95098393492
0.60000000000	1997.46663486017	4.00000000000	1.83880238733
0.60000000000	2755.07744846280	1.00000000000	1.80042035281
1.20000000000	2108.41221753575	4.00000000000	1.90323962265
0.60000000000	1924.14728361156	4.00000000000	1.86906308578
1.20000000000	6445.28745699362	6.00000000000	1.76471223874
1.42700000000	2297.34103738227	1.00000000000	1.93641198756
1.20000000000	3511.54721145746	1.00000000000	1.76017003954
1.20000000000	2453.67072633836	2.00000000000	1.87013726989
0.60000000000	5967.31268177940	5.00000000000	1.80785965463
1.20000000000	2003.39355844605	7.00000000000	1.75679671760
0.47100000000	2771.63583931150	1.00000000000	1.66120693269
1.03500000000	2077.94927990340	6.00000000000	1.80320964858
1.20000000000	2530.04209419811	0.00000000000	0.95683045027
1.20000000000	6530.26062522101	4.00000000000	1.67726484156
0.60000000000	2425.55887047017	4.00000000000	1.58083035074
1.20000000000	2430.49725483798	2.00000000000	1.87537792690
1.20000000000	3798.55171667890	4.00000000000	1.82294478613
1.20000000000	8002.99809297695	2.00000000000	1.68252965351
1.20000000000	1219.03155968722	1.00000000000	1.87523448585
1.20000000000	2489.62575539594	2.00000000000	1.87361091137
0.60000000000	2824.63158514111	0.00000000000	0.85077098381
1.20000000000	1902.23493724068	7.00000000000	1.81788255509
1.20000000000	2284.43793750000	0.00000000000	1.00321091959
0.60000000000	2824.63158514111	0.00000000000	0.85077098381
0.60000000000	1980.61467884155	4.00000000000	1.84660880926
1.20000000000	6826.74222526177	3.00000000000	1.68544192680
0.71600000000	2904.78820184379	2.00000000000	1.70655682593
1.23100000000	6342.04163400304	7.00000000000	1.64250352300
1.20000000000	2421.05913264874	2.00000000000	1.91797627925
0.49600000000	2864.43048031053	2.00000000000	1.70212579102
1.20000000000	1892.37006285678	6.00000000000	1.88705737016
1.20000000000	2353.47039315417	5.00000000000	1.90115763832
1.20000000000	4403.35357247123	7.00000000000	1.69067246422
0.64300000000	2473.23153874820	3.00000000000	1.74112403823
1.08400000000	2083.37831102161	6.00000000000	1.87062067226
1.20000000000	8507.78117135234	3.00000000000	1.70747716300
1.20000000000	6454.52465359370	5.00000000000	1.83763804947
1.20000000000	1685.58425518879	0.00000000000	0.94919314406
1.20000000000	4049.62137621189	7.00000000000	1.69287870302
1.20000000000	2548.63404993490	0.00000000000	0.95684345774
1.20000000000	2152.08877411698	5.00000000000	1.92557693609
1.20000000000	2410.14158389932	3.00000000000	1.88394811957
1.30400000000	2385.11559172088	0.00000000000	1.13381818103
1.20000000000	7067.59025988316	1.00000000000	1.66712300841
1.20000000000	7206.17059860655	5.00000000000	1.77187685064
0.60000000000	2849.73795969175	3.00000000000	1.86089623787
0.69200000000	2263.21022833182	5.00000000000	1.79149735254
0.52000000000	6901.17324314775	3.00000000000	1.65491402647
1.20000000000	6570.23180223179	5.00000000000	1.79060558113
0.60000000000	2347.69618467443	3.00000000000	1.92002954212
0.60000000000	2892.93803305602	0.00000000000	0.83685455919
1.20000000000	2020.92001177600	7.00000000000	1.74867820570
1.20000000000	6828.45005303784	2.00000000000	1.79316158382
0.60000000000	1586.65878067679	7.00000000000	1.56646313002
1.20000000000	6816.23349695721	7.00000000000	1.57715966024
0.60000000000	4748.88428074979	1.00000000000	1.70471619145
1.20000000000	2430.49725483798	2.00000000000	1.87551029965
1.20000000000	5855.18675683967	5.00000000000	1.74585407719
1.20000000000	2349.41662620050	0.00000000000	0.98285333416
1.20000000000	2105.94884258773	5.00000000000	1.95051101761
1.20000000000	609.70832740059	4.00000000000	2.05714680508
0.60000000000	2331.94716784575	3.00000000000	1.92460643286
1.20000000000	7026.73419387339	2.00000000000	1.73073174358
1.20000000000	2463.39738903806	0.00000000000	0.97796990114
1.20000000000	2461.63750363790	1.00000000000	1.90244971278
1.20000000000	2237.28856271171	7.00000000000	1.79151160599
1.20000000000	2265.59869118965	4.00000000000	2.02307212107
0.60000000000	3010.92672833403	0.00000000000	0.79231031691
1.20000000000	2316.32539180803	4.00000000000	1.99844420302
0.86300000000	2220.34794777278	7.00000000000	1.76224844528
1.20000000000	8095.29141651665	2.00000000000	1.66561966822
0.74100000000	2104.77475263756	6.00000000000	1.76809575878
1.20000000000	6341.55800211545	5.00000000000	1.81883317385
1.20000000000	2575.68105344285	0.00000000000	0.95777084744
1.20000000000	6951.58171446602	0.00000000000	0.99789333743
0.83900000000	2711.21487201961	0.00000000000	1.08643976997
0.47100000000	2991.01178514178	0.00000000000	0.44058344707
1.20000000000	7271.91967565610	1.00000000000	1.64205069167
1.20000000000	1685.58425518879	1.00000000000	1.81254146348
1.20000000000	8571.64116185351	3.00000000000	1.63796312407
1.20000000000	6593.41678534774	7.00000000000	1.61049303820
1.20000000000	6784.27518899570	4.00000000000	1.78533202001
0.98600000000	2393.07665695543	3.00000000000	1.85939646545
1.20000000000	4772.65569446637	3.00000000000	1.81795563730
1.20000000000	6264.41009834157	5.00000000000	1.75523822890
0.42200000000	8749.75274077381	0.00000000000	0.10873304053
0.60000000000	1744.79429485497	5.00000000000	2.00427855087
1.25500000000	6335.37165506009	6.00000000000	1.77075361623
0.60000000000	2717.52529343293	2.00000000000	1.88663845342
0.60000000000	2824.63158514111	1.00000000000	1.78548897185
1.20000000000	6710.56391358798	7.00000000000	1.59269174971
0.60000000000	6892.50217084764	4.00000000000	1.61926104516
1.20000000000	2369.23873443764	7.00000000000	1.94143106140
1.20000000000	2288.83036911616	7.00000000000	1.76546376020
1.20000000000	1607.45239401440	0.00000000000	0.94919314406
1.20000000000	2316.23524187360	4.00000000000	1.99986176357
1.20000000000	7701.59147813433	1.00000000000	1.60843341263
1.20000000000	2054.55291610782	6.00000000000	1.97605430101
1.20000000000	2115.18804136715	5.00000000000	1.94503962830
1.20000000000	7109.88347001575	0.00000000000	0.99791091159
1.20000000000	6745.81058999385	4.00000000000	1.78980883983
0.60000000000	2724.93136759056	2.00000000000	1.78676995064
1.20000000000	6828.45005303784	0.00000000000	0.99571726775
1.20000000000	2526.69730143828	3.00000000000	1.84000012795
1.20000000000	42.02959063774	5.00000000000	3.73998804520
1.20000000000	2218.81094523451	6.00000000000	1.89976610818
1.20000000000	7112.96174851215	0.00000000000	0.99734861287
1.20000000000	4521.47472122233	2.00000000000	1.76513954543
0.30000000000	3019.49001684920	0.00000000000	-0.63679447336
1.20000000000	2011.22345290311	5.00000000000	1.99102267879
1.45100000000	2282.72769498629	1.00000000000	1.83841965125
1.30400000000	2041.69759985912	7.00000000000	1.78832364479
1.20000000000	6789.24021292983	4.00000000000	1.78427043517
1.20000000000	2430.49725483798	0.00000000000	0.95684345774
1.20000000000	2191.80272173727	7.00000000000	1.81496762857
1.20000000000	2430.49725483798	1.00000000000	1.83069197172
1.20000000000	2303.84789723402	0.00000000000	0.96770701420
1.20000000000	2484.77777699289	2.00000000000	1.87534768436
0.93700000000	2080.35416635437	6.00000000000	1.83838117202
0.39800000000	8680.05121872152	2.00000000000	1.21975354865
0.66700000000	2723.99774824437	1.00000000000	1.90686292955
1.13300000000	2354.09725766639	4.00000000000	1.87001444090
0.74100000000	2206.70035041869	6.00000000000	1.72681032467
1.20000000000	1820.36562521383	7.00000000000	2.00668557051
1.20000000000	2189.37027653547	7.00000000000	1.81628035107
0.88800000000	7031.18084490730	4.00000000000	1.49293694214
0.60000000000	2074.07977669081	6.00000000000	1.81359079721
1.20000000000	2401.32768272397	2.00000000000	1.88842136889
1.20000000000	2525.34310407569	3.00000000000	1.84110526215
1.20000000000	2246.11160776152	7.00000000000	1.78693504363
1.03500000000	2091.15842104037	6.00000000000	1.79521456649
1.20000000000	1851.06850676245	7.00000000000	1.82977141692
1.20000000000	2389.09915432613	1.00000000000	1.89991922585
1.20000000000	7019.28980950364	3.00000000000	1.70391062507
0.60000000000	5376.35487246151	4.00000000000	1.66374722450
1.20000000000	1951.58919985493	7.00000000000	1.81787070988
0.60000000000	2101.25297648177	4.00000000000	1.78643836469
1.20000000000	6463.91360193399	6.00000000000	1.76126405194
0.60000000000	1848.85837589511	1.00000000000	1.81206080341
1.20000000000	2190.89269758541	7.00000000000	1.81547225608
0.60000000000	1782.35316124838	6.00000000000	1.69513655076
1.20000000000	2280.37076898594	7.00000000000	1.76988114411
1.20000000000	6770.65234128820	4.00000000000	1.78643789405
1.20000000000	5971.89957649457	7.00000000000	1.72931689863
0.60000000000	2451.92743694565	3.00000000000	1.91054414848
1.20000000000	2303.84789723402	1.00000000000	1.88471722076
0.96100000000	2620.50224462273	3.00000000000	1.89931947896
0.60000000000	4149.29491913650	6.00000000000	1.86411669972
1.20000000000	2428.30553776137	4.00000000000	1.94857361733
1.20000000000	2180.75621706642	4.00000000000	1.87076768703
1.20000000000	2250.70356766800	4.00000000000	1.83991238710
1.20000000000	2321.08257347963	4.00000000000	1.96974772339
0.96100000000	2638.51912321439	2.00000000000	1.94449046886
0.44700000000	3076.27845021859	1.00000000000	1.46370096338
1.20000000000	2142.02504595684	6.00000000000	1.90009819520
1.20000000000	5001.73029674460	6.00000000000	1.77833150443
0.60000000000	1962.23156677361	4.00000000000	1.85257558234
1.20000000000	2354.14018755014	3.00000000000	1.88547034216
1.20000000000	1855.34426063131	7.00000000000	1.85292961971
1.20000000000	2493.02586952463	3.00000000000	1.85945712926
0.60000000000	2290.26387065321	5.00000000000	1.66153420011
1.20000000000	2351.40424774313	3.00000000000	1.88792879814
1.20000000000	2461.63750363790	0.00000000000	0.96564382212
0.60000000000	835.88168741687	7.00000000000	1.56906653518
1.20000000000	2430.49725483798	1.00000000000	1.83069197172
1.20000000000	7109.88347001575	1.00000000000	1.66229535036
0.59400000000	7304.85327857367	3.00000000000	1.67617653039
1.20000000000	7020.55247018486	3.00000000000	1.70357858279
0.60000000000	10472.03047862258	1.00000000000	1.51379935083
1.20000000000	577.71418475448	6.00000000000	1.97075953135
1.20000000000	2303.47351876143	4.00000000000	2.00561504876
1.20000000000	2527.00058051568	3.00000000000	1.83975288074
1.20000000000	2103.13409544547	7.00000000000	1.95437730817
1.20000000000	2260.31883084507	6.00000000000	1.82010479020
1.20000000000	7081.64452336465	0.00000000000	0.99737484946
1.20600000000	2309.31413739914	3.00000000000	1.95385382379
1.20000000000	2548.63404993490	2.00000000000	1.83190407565
1.20000000000	2167.51331943367	5.00000000000	1.92092351547
1.20000000000	2088.16632778434	6.00000000000	2.01911793647
1.20000000000	5164.34635579586	7.00000000000	1.65787683885
1.20000000000	8284.05086276632	4.00000000000	1.70992132651
0.60000000000	2113.26605708451	4.00000000000	1.89606140449
0.60000000000	2150.84809368853	3.00000000000	1.96347985587
1.20000000000	2185.95585614721	5.00000000000	1.95852460576
0.60000000000	2824.63158514111	2.00000000000	1.86136140710
1.20000000000	2152.18041092890	5.00000000000	1.92551574389
1.20000000000	6926.86454074194	4.00000000000	1.76527870807
1.20000000000	2423.08442082681	4.00000000000	1.95210148241
1.20000000000	2339.11233499158	6.00000000000	1.84862657877
0.60000000000	1900.91201297435	5.00000000000	1.92978196541
1.20000000000	2310.95689543959	4.00000000000	2.00221826221
0.60000000000	2224.17422641892	5.00000000000	1.64168170558
1.20000000000	2149.98180537498	5.00000000000	1.92698561075
1.20000000000	8441.21869762652	6.00000000000	1.68665302868
1.20000000000	6554.19979782549	4.00000000000	1.70049372864
1.40200000000	2313.29363336121	0.00000000000	1.29087009843
1.20000000000	2526.93429608226	3.00000000000	1.83980691099
1.20000000000	1993.53726539321	7.00000000000	1.76485265426
1.20000000000	2461.63750363790	2.00000000000	1.85825483765
1.20000000000	2461.63750363790	2.00000000000	1.85748703137
1.20000000000	6455.82162127145	6.00000000000	1.76275931430
0.60000000000	2824.63158514111	2.00000000000	1.86223704525
1.20000000000	2086.00591736980	6.00000000000	1.90866492775
0.60000000000	4871.79136955513	5.00000000000	1.84552167734
1.20000000000	6380.11253980011	7.00000000000	1.64417275276
1.15700000000	7184.46510889406	0.00000000000	0.93685547472
0.81400000000	2265.38378194049	5.00000000000	1.81098982337
0.61800000000	2089.48316035936	6.00000000000	1.81201453102
1.28000000000	2312.04137065075	5.00000000000	1.90009387644
1.20000000000	2453.20704485719	1.00000000000	1.86450639515
0.60000000000	6951.03911910278	0.00000000000	0.88796423943
0.52000000000	1998.38329767683	6.00000000000	1.79233788802
0.60000000000	2793.07935629115	0.00000000000	0.85077098381
1.20000000000	2348.95636545246	5.00000000000	1.90119427199
0.60000000000	1865.20361993771	5.00000000000	1.94998714590
1.20000000000	5451.42236714612	4.00000000000	1.80492770980
0.60000000000	2677.66413938320	2.00000000000	1.89420669806
0.74100000000	1914.03886069528	6.00000000000	1.72249696707
0.60000000000	1549.07006355398	7.00000000000	1.59127336393
1.08400000000	7378.48227631712	1.00000000000	1.59740751310
0.60000000000	1617.79717715819	6.00000000000	2.01024499890
0.60000000000	2329.52473833521	3.00000000000	1.78258293463
1.20000000000	7186.88340029124	2.00000000000	1.69661677291
0.88800000000	2167.06758355959	5.00000000000	1.68276821862
1.20000000000	2427.23266515108	0.00000000000	0.96868910554
1.20000000000	5552.45655077945	7.00000000000	1.68707502456
1.20000000000	6601.34259064598	7.00000000000	1.60009094882
1.20000000000	2430.49725483798	0.00000000000	0.95684345774
1.20000000000	7109.88347001575	2.00000000000	1.70572416263
1.20000000000	2348.60429035365	5.00000000000	1.90140701490
1.20000000000	2430.49725483798	2.00000000000	1.87564770523
1.20000000000	6749.29267374030	6.00000000000	1.66781443484
0.60000000000	1694.45422431961	6.00000000000	1.79362012669
0.60000000000	2212.32417854701	4.00000000000	1.97766615427
1.20000000000	3155.47051479523	1.00000000000	1.81124686636
1.20000000000	2349.24160556237	3.00000000000	1.95115929265
0.60000000000	2824.63158514111	2.00000000000	1.86186479362
1.20000000000	2461.63750363790	2.00000000000	1.85791645760
0.60000000000	2440.29466807102	4.00000000000	1.88428425657
1.20000000000	7109.88347001575	2.00000000000	1.70543030978
1.13300000000	2245.95455488048	4.00000000000	1.82106163807
0.60000000000	8482.60597093513	1.00000000000	1.55602984026
1.20000000000	2041.27931597568	5.00000000000	1.91125841155
1.20000000000	1036.75800681627	0.00000000000	0.95465468661
1.20000000000	2100.60003094589	5.00000000000	1.95033814996
0.60000000000	2824.63158514111	0.00000000000	0.85077098381
0.60000000000	2527.08748332610	3.00000000000	1.73330313337
1.15700000000	2262.56620595394	5.00000000000	1.92314155815
1.20000000000	2437.25255589357	3.00000000000	2.00911147260
1.20000000000	2524.84153463048	3.00000000000	1.84151505228
1.20000000000	2402.75538492700	2.00000000000	1.88703234672
1.13300000000	2468.23353340506	4.00000000000	1.82253062695
0.60000000000	1921.36925339714	5.00000000000	1.86854083987
1.20000000000	7066.70028844559	3.00000000000	1.69920502869
1.20000000000	5913.85384043514	7.00000000000	1.63680356604
1.20000000000	2353.65390472783	3.00000000000	1.88590665432
1.20000000000	2076.55058070069	3.00000000000	1.84501028514
0.60000000000	1770.43453690080	6.00000000000	1.74983244931
0.60000000000	1627.65097356782	1.00000000000	1.81444437829
0.60000000000	1998.83699316668	4.00000000000	1.83774296779
0.60000000000	1766.80463953656	6.00000000000	1.75234858079
0.60000000000	2824.49322741154	1.00000000000	1.78592257897
0.60000000000	6591.55308428593	5.00000000000	1.78256934747
1.20000000000	6208.98903515130	4.00000000000	1.77595532196
1.20000000000	2524.66115489092	3.00000000000	1.84166248743
1.20000000000	1960.50890738857	7.00000000000	1.78245924786
1.20000000000	7537.13036842988	3.00000000000	1.64570441210
1.20000000000	2277.24412830746	7.00000000000	1.77107010781
1.20000000000	6349.75996739755	4.00000000000	1.83664536828
1.08400000000	2518.12116030256	0.00000000000	0.76494348758
1.20000000000	6671.74278497829	4.00000000000	1.80000868510
1.20000000000	2017.79130104118	7.00000000000	1.75050157028
1.20000000000	8891.98938385540	2.00000000000	1.60497942989
1.20000000000	7353.03068784122	4.00000000000	1.73059331946
1.20000000000	6793.38222215962	4.00000000000	1.78338632905
0.37300000000	2333.79002431176	3.00000000000	1.53914239718
0.60000000000	2382.81594995978	4.00000000000	1.83091458117
0.60000000000	1736.06246145035	6.00000000000	1.76879591754
0.60000000000	2848.15635819722	0.00000000000	0.85077098381
1.20000000000	2548.63404993490	0.00000000000	0.95684345774
1.03500000000	2583.84300447874	3.00000000000	1.84038436180
0.32400000000	6763.61179347638	3.00000000000	1.28179113132
0.60000000000	1793.18657571580	6.00000000000	1.73920807731
0.34900000000	1630.54605362705	7.00000000000	1.27738076969
1.20000000000	2104.51899304521	4.00000000000	1.90503646068
0.74100000000	7528.16173623900	3.00000000000	1.56435056944
1.20000000000	2347.12524393763	5.00000000000	1.90230156228
1.45100000000	2118.36281831689	5.00000000000	2.01702861976
0.60000000000	1766.89008754785	6.00000000000	1.75188596272
0.60000000000	1848.85837589511	2.00000000000	1.71255039004
1.20000000000	2479.93816096624	1.00000000000	1.89176057392
1.20000000000	2238.67953229095	5.00000000000	1.95243014284
1.20000000000	7269.89907086484	1.00000000000	1.62766707054
0.60000000000	2809.49789032565	1.00000000000	1.78867483477
0.60000000000	2064.68057774049	4.00000000000	1.84477881886
0.60000000000	1863.88439501449	4.00000000000	1.89681117509
0.60000000000	2292.25764901011	1.00000000000	1.81163603749
1.20000000000	7021.51415260279	3.00000000000	1.70332581223
0.98600000000	2274.36122040186	4.00000000000	1.91609584604
1.25500000000	6993.11525866382	0.00000000000	1.08525541961
0.60000000000	1580.82200790123	7.00000000000	1.57029546684
1.20000000000	2192.16657012150	7.00000000000	1.78571893829
1.20000000000	2548.63404993490	0.00000000000	0.95684345774
1.20000000000	1661.95059436955	4.00000000000	1.83952768604
1.20000000000	6968.57442242349	0.00000000000	0.99652933929
1.20000000000	2446.79917708045	0.00000000000	0.94902784667
1.20000000000	40.43473505150	6.00000000000	3.67969631963
1.20000000000	6514.54417515509	2.00000000000	1.70019708672
1.20000000000	6629.70220258695	3.00000000000	1.69213308657
0.60000000000	1919.59530521464	4.00000000000	1.87265517707
0.60000000000	7175.49792807498	0.00000000000	0.88731605727
0.79000000000	8031.49961717785	1.00000000000	1.72578968573
0.52000000000	2859.90428525599	2.00000000000	1.84075573033
0.60000000000	1995.70520580810	4.00000000000	1.84016687761
1.20000000000	5821.67951250762	7.00000000000	1.63786378243
1.20000000000	916.27384302402	5.00000000000	1.95222569856
0.60000000000	1982.05042456103	5.00000000000	1.78816682866
1.20000000000	2126.84437506077	4.00000000000	1.93155549236
1.20000000000	1941.57906448287	7.00000000000	1.77844161708
1.20000000000	2296.11039536502	6.00000000000	1.85807881296
0.86300000000	7899.30249130298	0.00000000000	1.04095186933
0.60000000000	1984.49422970298	4.00000000000	1.84499051301
1.20000000000	2461.63750363790	2.00000000000	1.86008273850
1.20000000000	2198.46134473734	6.00000000000	1.90852815813
0.60000000000	1708.71298112781	4.00000000000	1.76713047443
0.60000000000	2648.28433333281	1.00000000000	1.82407397095
0.60000000000	2824.49322741154	1.00000000000	1.78592257897
0.60000000000	2351.88555738144	3.00000000000	1.91569590481
1.20000000000	6688.15978003490	4.00000000000	1.71353150611
1.20000000000	2518.77237049399	1.00000000000	1.81229403502
1.20000000000	2174.25658466422	6.00000000000	1.91920119506
1.15700000000	2480.43435676761	1.00000000000	1.83903779071
1.20000000000	2503.96538564908	1.00000000000	1.83585765337
1.20000000000	2387.38761928502	3.00000000000	1.88295136222
1.20000000000	3121.38922378911	3.00000000000	1.87276990603
1.20000000000	1966.06886448191	6.00000000000	1.83453298713
1.20000000000	6564.90492243917	5.00000000000	1.79165528470
1.20000000000	2548.63404993490	1.00000000000	1.78383915194
0.60000000000	2350.16681187588	3.00000000000	1.91726517732
0.60000000000	1836.17697476226	5.00000000000	1.83280990326
1.20000000000	750.29614943098	7.00000000000	1.88948446197
0.69200000000	2765.29794591128	2.00000000000	1.81814119529
0.60000000000	1769.52845715765	6.00000000000	1.75045941371
1.20000000000	4118.42031898598	2.00000000000	1.78095502181
1.20000000000	2525.49769813519	3.00000000000	1.84097900752
0.60000000000	2824.63158514111	1.00000000000	1.78548897185
1.20000000000	2232.97010665370	5.00000000000	1.95603902656
0.93700000000	2190.88185548952	4.00000000000	1.68660087747
1.20000000000	2224.82342953260	7.00000000000	1.96865384806
1.03500000000	2580.05477518531	1.00000000000	1.73231028582
1.30400000000	2385.11559172088	2.00000000000	1.95907073228
1.20000000000	2038.54914251713	7.00000000000	1.76201567946
1.20000000000	6332.28525948170	4.00000000000	1.83142106483
1.20000000000	2332.67097218261	5.00000000000	1.91111462157
0.96100000000	2110.08887740548	7.00000000000	1.69692089571
1.20000000000	5379.79304102377	5.00000000000	1.84285872458
0.69200000000	8221.92990535202	1.00000000000	1.74443002742
0.30000000000	1269.14047756346	7.00000000000	1.12772850452
0.60000000000	2165.84640200375	6.00000000000	1.74086649647
1.20000000000	2258.42600104448	5.00000000000	1.94498988558
1.20000000000	2477.89995700165	0.00000000000	0.92855891840
1.20000000000	2229.99236624949	4.00000000000	1.88281300545
1.20000000000	2207.97248816320	6.00000000000	1.90273896891
1.20000000000	2310.60550408459	4.00000000000	2.00246606787
1.20000000000	6911.99925396650	5.00000000000	1.74332543916
1.15700000000	2408.40310568697	3.00000000000	1.88601609499
1.20000000000	2309.55913403907	4.00000000000	1.89946469425
0.60000000000	3495.97050990464	7.00000000000	1.48274863103
1.20000000000	5520.69570728345	0.00000000000	0.97929241205
0.60000000000	2070.48617286226	0.00000000000	0.87271045022
0.60000000000	2776.72709396959	0.00000000000	0.85077098381
1.20000000000	1888.79638584667	1.00000000000	1.79612705349
0.60000000000	5800.77839219732	7.00000000000	1.42973443608
0.60000000000	2824.63158514111	2.00000000000	1.86151036316
0.60000000000	2733.55701230755	2.00000000000	1.88164455038
1.20000000000	2290.66236712122	7.00000000000	1.76451191929
1.03500000000	7262.71279067359	3.00000000000	1.67885015456
1.20000000000	2423.81119642730	4.00000000000	1.95160924083
0.60000000000	2028.49045913677	4.00000000000	1.82536646467
1.20000000000	693.58369280472	7.00000000000	1.88387130853
0.60000000000	1993.05094571227	4.00000000000	1.84245880238
1.20000000000	2268.31536326991	7.00000000000	1.77557555806
0.98600000000	2634.03624222831	0.00000000000	0.66720444263
1.03500000000	2299.16607600111	4.00000000000	1.83319981530
1.20000000000	8577.17299532818	0.00000000000	1.02037998067
1.20000000000	2357.32827268030	1.00000000000	1.93987150075
0.79000000000	2746.71609664914	0.00000000000	1.15063877242
0.81400000000	6735.28801353736	5.00000000000	1.57934001949
1.20000000000	2092.91614347916	4.00000000000	1.91043123194
1.20000000000	2407.37326088091	3.00000000000	1.88629633870
1.20000000000	2013.73023185309	7.00000000000	1.75287769819
1.20000000000	2366.19547209165	0.00000000000	0.96868910554
0.60000000000	3855.88092249368	0.00000000000	0.87634917431
1.20000000000	2297.44053156299	2.00000000000	1.94644970427
0.60000000000	1873.30441645644	5.00000000000	1.94345405291
1.20000000000	6901.27527133127	1.00000000000	1.73679937461
1.20000000000	4346.99452146561	5.00000000000	1.84092398170
0.32400000000	2627.35830157140	0.00000000000	-0.16406102398
0.60000000000	9134.80302232519	0.00000000000	0.89825059212
1.20000000000	2180.69831652355	5.00000000000	1.98180911851
0.42200000000	1521.84463252318	6.00000000000	1.53899766160
1.20000000000	6786.79892402712	4.00000000000	1.78479216701
1.20000000000	4503.21359034654	0.00000000000	0.97065302143
0.79000000000	2860.45975985184	1.00000000000	1.97191429690
0.60000000000	2096.00469985315	4.00000000000	1.78465507754
1.20000000000	2239.91755454061	7.00000000000	1.76877186048
0.60000000000	2128.31543633515	4.00000000000	1.86893712357
1.20000000000	2320.35149618665	6.00000000000	1.96506808083
1.20000000000	5940.83799174731	7.00000000000	1.64655270519
1.20000000000	2418.72649213198	4.00000000000	1.95506103231
0.60000000000	2725.72683160489	1.00000000000	1.78539839311
1.20000000000	792.28802393892	6.00000000000	1.88940313317
0.60000000000	2387.26044094999	3.00000000000	1.90439406911
1.20000000000	2193.35240523932	7.00000000000	1.81413299053
0.37300000000	5320.42069500042	5.00000000000	1.28098663699
0.60000000000	2992.31342845040	0.00000000000	0.79370484553
1.20000000000	2430.49725483798	0.00000000000	0.95684345774
1.20000000000	2105.35587652946	6.00000000000	2.00168313324
0.60000000000	1821.33305898107	5.00000000000	1.96818896826
1.50000000000	2324.14944313395	1.00000000000	1.96377865100
0.60000000000	2901.85095285173	2.00000000000	1.82503094412
1.20000000000	6535.96345515593	5.00000000000	1.79588546538
1.10800000000	2522.19488687936	0.00000000000	0.82360446786
0.60000000000	2928.22618807708	0.00000000000	0.79976501125
1.20000000000	2430.49725483798	1.00000000000	1.83069197172
0.34900000000	1776.64699061505	5.00000000000	1.37383190240
1.20000000000	3927.51924499325	0.00000000000	0.96586470290
1.20000000000	6286.85714894417	7.00000000000	1.65898638720
1.37800000000	6387.10188407405	5.00000000000	1.83668163546
0.56900000000	2853.16958143069	2.00000000000	1.59794911107
1.20000000000	2276.27526600774	5.00000000000	1.93665037194
1.20000000000	2452.84440474587	2.00000000000	1.90608204669
1.20000000000	2461.63750363790	2.00000000000	1.85912665128
1.20000000000	640.09784903240	2.00000000000	1.93797942308
1.01000000000	2461.79946179913	3.00000000000	1.82557698580
1.20000000000	6450.58963878507	6.00000000000	1.76372836421
1.20000000000	7109.88347001575	1.00000000000	1.66229535036
1.20000000000	7041.66872275117	0.00000000000	0.99789333743
0.96100000000	2621.33950121785	2.00000000000	1.91647186041
1.20000000000	2428.69385304145	4.00000000000	1.94831201109
0.34900000000	3012.19127845488	1.00000000000	1.22828736633
0.81400000000	2193.17889957876	4.00000000000	1.91609445928
0.60000000000	3632.91211983993	0.00000000000	0.87596762874
1.20000000000	2571.91344574711	1.00000000000	1.86718332230
0.60000000000	2222.50403425005	6.00000000000	1.91147040662
0.60000000000	2824.49322741154	0.00000000000	0.85088605509
1.20000000000	2207.04542444359	6.00000000000	1.90328036435
1.25500000000	2206.94289837847	5.00000000000	1.89742908901
1.20000000000	2405.74623369450	3.00000000000	1.88768034500
1.20000000000	2430.49725483798	2.00000000000	1.87592743213
1.20600000000	2312.89246820622	3.00000000000	1.95046697528
1.20000000000	7220.17146422899	3.00000000000	1.68106729101
0.60000000000	2801.37339900484	2.00000000000	1.76537415209
0.60000000000	1869.23971834671	5.00000000000	1.94683193010
0.60000000000	1994.00658524644	4.00000000000	1.84168079138
0.34900000000	8642.63393277351	0.00000000000	-0.29814337596
1.20000000000	6280.59382664530	4.00000000000	1.73773153552
1.20000000000	6555.39426529868	5.00000000000	1.79353444242
1.20000000000	2415.00574751800	1.00000000000	1.84553179750
1.13300000000	7280.77493651183	1.00000000000	1.63089227052
1.20000000000	5640.65412874683	4.00000000000	1.79741959991
0.60000000000	4302.16442212511	0.00000000000	0.87680654010
1.20000000000	2400.96852416328	1.00000000000	1.82596802373
0.60000000000	2826.74517182340	2.00000000000	1.69236523544
0.76500000000	8203.56496425616	0.00000000000	1.14575747852
1.20000000000	1984.78985343490	6.00000000000	1.87649241545
1.20000000000	7701.59147813433	0.00000000000	1.00047015905
1.08400000000	7378.48227631712	0.00000000000	0.79992973651
1.20000000000	2380.15456226190	2.00000000000	1.91455557657
0.60000000000	2859.28235484700	2.00000000000	1.85542557345
1.20000000000	2148.71617173816	5.00000000000	1.92783336235
0.60000000000	5853.22374947346	1.00000000000	1.65626040214
1.20000000000	2389.51540202427	0.00000000000	0.96868910554
1.20000000000	6490.78274598011	7.00000000000	1.62661728021
0.60000000000	5535.98217254616	4.00000000000	1.65693509397
1.20000000000	6808.97815161521	6.00000000000	1.71469757699
0.60000000000	2330.20509075988	3.00000000000	1.92369784950
1.20000000000	2411.60174721054	0.00000000000	0.95683045027
1.50000000000	2216.41817957921	2.00000000000	1.96814001790
0.60000000000	1949.11411266381	6.00000000000	1.52655976975
1.20000000000	2429.38379236239	1.00000000000	1.83093492537
1.20000000000	6029.65778280416	5.00000000000	1.81425305612
1.20000000000	6521.69720523171	6.00000000000	1.75405307080
1.47600000000	6339.44687157529	4.00000000000	1.86268716576
1.25500000000	6465.50465402146	5.00000000000	1.83942490541
1.20000000000	7473.73734838296	2.00000000000	1.66364698382
0.30000000000	2642.36083144320	1.00000000000	1.03172865990
0.42200000000	1893.56742760127	4.00000000000	1.69149267622
1.20000000000	6944.92098124175	3.00000000000	1.72391947152
0.66700000000	2174.37641999656	4.00000000000	1.82145025246
0.30000000000	3019.49001684920	1.00000000000	0.92919707994
0.60000000000	1870.76406383508	4.00000000000	1.89374617234
1.20000000000	2250.84922514193	4.00000000000	1.83981239317
0.81400000000	2719.43633917854	2.00000000000	1.86504273187
1.20000000000	7109.88347001575	0.00000000000	0.99791091159
1.20000000000	2461.63750363790	1.00000000000	1.90244971278
1.20000000000	7109.88347001575	2.00000000000	1.70535688454
1.20000000000	5914.18797473847	5.00000000000	1.71614416072
1.20000000000	6458.19819732870	4.00000000000	1.73287403848
1.20000000000	2132.83036703765	4.00000000000	2.00392800215
1.32900000000	2360.14792748695	0.00000000000	1.18368370162
0.61800000000	1761.52421348701	7.00000000000	1.65816628373
1.15700000000	2271.52699470809	4.00000000000	1.89850122430
0.60000000000	3037.52391951762	3.00000000000	1.85954252085
0.60000000000	2427.49927527184	4.00000000000	1.69227961513
0.60000000000	2643.41896201091	2.00000000000	1.90203059579
0.60000000000	1865.74670572892	5.00000000000	1.94956164519
0.74100000000	6740.27550137584	5.00000000000	1.55184500342
0.79000000000	2727.86891239721	1.00000000000	2.01382060717
0.81400000000	2719.43633917854	1.00000000000	1.85961678388
0.60000000000	2214.72629486682	3.00000000000	1.96959840549
0.60000000000	1767.42657541366	6.00000000000	1.75191663798
0.60000000000	1651.28011645950	6.00000000000	1.81827132399
0.60000000000	2235.17983183112	3.00000000000	1.96163438957
0.60000000000	2738.93657934198	2.00000000000	1.88041844015
0.60000000000	2822.70555725137	7.00000000000	1.49234354099
1.20000000000	2430.49725483798	2.00000000000	1.87604026614
0.60000000000	2667.84337051238	1.00000000000	1.81969102884
1.20000000000	2352.74312160740	3.00000000000	1.88672460145
0.60000000000	39.95964056835	3.00000000000	4.22765012160
1.20000000000	2409.87687394031	3.00000000000	1.88417229950
1.20000000000	2080.06990071193	5.00000000000	1.95974322746
0.60000000000	1678.48466803848	6.00000000000	1.79959303673
0.60000000000	1654.88843797988	7.00000000000	1.52240297647
1.23100000000	2379.03083724258	3.00000000000	1.90745998154
1.30400000000	6913.43531102746	2.00000000000	1.83902886442
1.20000000000	2454.77642091809	1.00000000000	1.91172441499
1.20000000000	2226.95120783178	4.00000000000	1.88251936051
0.60000000000	2101.10522521514	7.00000000000	1.64534362879
1.20000000000	6378.97253562297	6.00000000000	1.77378886130
0.60000000000	7175.49792807498	2.00000000000	1.57557239083
0.60000000000	1878.03229582699	5.00000000000	1.93979780598
1.20000000000	2387.71273200226	4.00000000000	1.83029602791
0.60000000000	1656.33730422393	7.00000000000	1.52150795219
0.60000000000	8609.16592599896	3.00000000000	1.71442736689
1.20000000000	6990.04340550923	2.00000000000	1.71962158937
1.20000000000	2133.26410041724	5.00000000000	1.93827989095
1.20000000000	2579.13028772204	3.00000000000	1.82304688504
1.20000000000	2306.55434163360	3.00000000000	1.89815779761
0.60000000000	1830.91370750295	5.00000000000	1.82791320842
0.60000000000	2128.26942802621	4.00000000000	1.82550830044
0.61800000000	8360.70700322563	0.00000000000	0.87307276526
0.74100000000	6264.80159744705	7.00000000000	1.51533652329
0.60000000000	1562.86857260933	7.00000000000	1.51737142369
1.20000000000	2107.75948418619	6.00000000000	2.00008526103
1.20000000000	2548.63404993490	0.00000000000	0.95684345774
1.20000000000	2224.96154123494	3.00000000000	1.93070700131
1.10800000000	7337.04417027973	0.00000000000	0.83484767076
0.60000000000	5919.63434338665	6.00000000000	1.78812331294
1.20000000000	6481.20024536159	5.00000000000	1.82414258084
1.20000000000	2279.51778759849	4.00000000000	1.93051097568
1.20000000000	2229.61560207408	7.00000000000	1.83511646560
0.60000000000	4393.15996314479	5.00000000000	1.86407840632
1.20600000000	2449.40492562025	0.00000000000	0.98634935972
1.20000000000	2168.70805219597	6.00000000000	1.93231914327
1.20000000000	2461.63750363790	2.00000000000	1.85754742442
1.20000000000	2321.07595410261	0.00000000000	0.95528021625
1.20000000000	2544.90727872008	2.00000000000	1.83460712534
1.20000000000	6968.58045725548	0.00000000000	1.01025767327
1.20000000000	2353.90939562248	3.00000000000	1.88567738277
1.20000000000	2548.63404993490	2.00000000000	1.83193482137
1.20000000000	7192.55023613591	2.00000000000	1.70063058289
1.20000000000	6934.83132696572	2.00000000000	1.69980648927
1.15700000000	2404.63126629568	3.00000000000	1.88938644413
1.20000000000	2393.92421470331	1.00000000000	1.84525019056
0.60000000000	2864.85978410337	1.00000000000	1.77718400234
1.20000000000	2301.71847659879	4.00000000000	1.94785684855
1.20600000000	2248.34020661323	4.00000000000	1.88658364866
1.20000000000	7200.98841272827	0.00000000000	0.99789333743
1.20000000000	8765.86809384031	5.00000000000	1.67794609215
1.20000000000	2271.30308607140	6.00000000000	1.87701969530
1.30400000000	6280.55691472310	6.00000000000	1.71653819640
1.20000000000	2290.78974157589	4.00000000000	2.01139680541
1.20000000000	6733.46137957696	1.00000000000	1.71056653279
0.34900000000	8642.63393277351	1.00000000000	1.06687668801
1.20000000000	2433.78764856858	0.00000000000	0.95543104158
0.79000000000	2746.71609664914	1.00000000000	2.00335814749
1.10800000000	2144.88501695431	5.00000000000	1.96768062738
1.20000000000	7109.88347001575	1.00000000000	1.66229535036
1.20000000000	5388.33534355618	7.00000000000	1.74232675890
0.60000000000	3098.12774389848	1.00000000000	1.77039846977
1.20000000000	2461.63750363790	0.00000000000	0.96564382212
1.20000000000	7013.72623792047	3.00000000000	1.75505010503
1.20000000000	2398.57722235014	2.00000000000	1.94501781178
1.20000000000	2294.68146970973	1.00000000000	1.79014245686
0.60000000000	9135.38838195029	0.00000000000	0.89810309566
1.20000000000	2031.49361609777	6.00000000000	2.04868399847
1.20000000000	2308.75116573436	7.00000000000	1.75545044507
1.20000000000	6616.00478131662	5.00000000000	1.72595440150
1.45100000000	2282.72769498629	2.00000000000	1.90534972145
1.20000000000	6751.58177872506	5.00000000000	1.76534406004
1.20000000000	2164.10627276597	3.00000000000	1.96354300874
1.20000000000	2339.92854849306	1.00000000000	1.90987839913
1.20000000000	4067.74824148283	3.00000000000	1.81891479230
1.20000000000	2461.63750363790	1.00000000000	1.90244971278
1.20000000000	1335.76701256960	7.00000000000	1.79345277847
1.20000000000	2311.11863190118	5.00000000000	1.96176920084
0.60000000000	2697.55833925074	2.00000000000	1.77836569634
1.20000000000	6475.06156483912	7.00000000000	1.70777543453
1.20000000000	2206.69389233601	6.00000000000	1.90348579043
0.59400000000	1913.09065356997	7.00000000000	1.68510556077
1.20000000000	2206.58918010679	4.00000000000	1.85916400293
0.60000000000	5397.33318677941	7.00000000000	1.44557248103
1.20000000000	2514.00783962644	0.00000000000	0.96868910554
1.20000000000	6773.03232612355	4.00000000000	1.79497666849
1.20000000000	2331.55425466070	7.00000000000	1.90264760890
0.60000000000	2814.98951819421	1.00000000000	1.78751480738
0.60000000000	2118.12855449150	6.00000000000	1.74234228540
0.88800000000	2697.65048674375	0.00000000000	0.97186855319
1.20000000000	6963.51979437434	3.00000000000	1.78481909136
0.61800000000	2977.16907956040	2.00000000000	1.67631640879
1.20000000000	2258.34536221372	5.00000000000	1.92581128434
1.20000000000	2584.94127723344	2.00000000000	1.82058136959
0.47100000000	8429.32454428144	2.00000000000	1.43554990124
0.60000000000	2351.82207724889	3.00000000000	1.91575380073
1.20600000000	2121.82753364862	5.00000000000	1.90360660157
1.20000000000	2572.25558329172	0.00000000000	0.94713001441
1.20000000000	2196.04166857202	7.00000000000	1.81268768855
0.60000000000	6073.32854985021	7.00000000000	1.41839768940
0.44700000000	2090.40149795163	4.00000000000	1.60110751731
0.88800000000	2450.29899338913	3.00000000000	1.75429491025
0.74100000000	8041.33714542363	0.00000000000	1.19788446560
0.88800000000	2809.89014695751	1.00000000000	1.89111361329
0.69200000000	7153.88255586050	3.00000000000	1.49210470328
1.20000000000	2396.34854737178	3.00000000000	1.89135442841
0.60000000000	2927.03390890269	2.00000000000	1.68090857160
0.60000000000	9568.55450452822	0.00000000000	0.90046614829
1.18200000000	6946.31654183749	3.00000000000	1.70281342487
1.01000000000	2077.32630047197	6.00000000000	1.93906562741
0.60000000000	2350.30543804033	3.00000000000	1.91713847431
0.64300000000	6660.41500351686	5.00000000000	1.51344531343
0.60000000000	2295.70379675844	3.00000000000	1.93837933465
1.20000000000	2135.75859088239	4.00000000000	1.89080336633
1.20000000000	2056.58438027188	4.00000000000	1.92163165076
0.93700000000	2652.27040460079	2.00000000000	1.87906616923
0.60000000000	2887.28466124328	2.00000000000	1.84840751217
1.20000000000	6661.85308110592	1.00000000000	1.71887291127
1.10800000000	2427.68912603897	3.00000000000	1.95818636774
1.20000000000	1792.93352810254	7.00000000000	1.83493952636
0.60000000000	6584.90578109988	5.00000000000	1.78335724040
1.20000000000	2409.42305514498	3.00000000000	1.88455681014
1.20000000000	5708.10572977722	3.00000000000	1.79439035279
1.20000000000	6911.99498315080	0.00000000000	0.99264156863
0.60000000000	1646.30239132478	7.00000000000	1.52774289578
1.37800000000	2234.68715058647	3.00000000000	1.87557478466
0.74100000000	2110.27058717442	7.00000000000	1.79976979988
0.60000000000	1778.73190798696	7.00000000000	1.49266254669
1.03500000000	2580.05477518531	0.00000000000	0.69414994985
1.20600000000	2020.03844503468	7.00000000000	1.86859532447
1.20000000000	2962.07269351935	0.00000000000	0.96064921395
0.60000000000	1998.66514396243	4.00000000000	1.83787572192
0.56900000000	2171.05323110161	5.00000000000	1.72583058350
0.60000000000	4597.97323600139	6.00000000000	1.84374054891
0.39800000000	2415.43830125105	3.00000000000	1.50218835507
1.20000000000	2333.82286070421	3.00000000000	1.88740828628
1.20000000000	2478.50380073982	5.00000000000	1.90274545963
1.20000000000	52.92209633530	1.00000000000	3.35266148732
1.20000000000	2101.01226283073	6.00000000000	2.00458125609
1.20000000000	2246.10652889118	4.00000000000	1.84307678594
1.20000000000	2190.35724453801	6.00000000000	1.91207533331
1.20000000000	2461.63750363790	1.00000000000	1.90244971278
0.60000000000	4534.32280686256	3.00000000000	1.82564224221
0.60000000000	2881.66843358016	2.00000000000	1.84955935957
0.30000000000	2642.36083144320	0.00000000000	-0.36628223721
1.20000000000	6241.09163891802	7.00000000000	1.62447498382
0.60000000000	2649.62432885546	3.00000000000	1.70609921419
0.66700000000	2082.97807404001	7.00000000000	1.55489643447
1.08400000000	2232.40611324160	6.00000000000	1.89914903425
0.60000000000	2755.07744846280	0.00000000000	0.85077098381
1.20000000000	7576.48099983172	0.00000000000	0.99789333743
1.20000000000	7023.36830625425	3.00000000000	1.67813510550
0.60000000000	2703.32518987784	2.00000000000	1.84901335366
1.20000000000	2329.44162549798	3.00000000000	1.93694658888
1.20000000000	2133.24949287884	7.00000000000	1.83457433005
1.20000000000	2213.34472750560	5.00000000000	2.00146242293
1.20000000000	7430.05525145712	0.00000000000	0.99789333743
0.52000000000	1646.15466360358	6.00000000000	1.84557910141
1.20000000000	2415.82877128284	1.00000000000	1.84283431997
1.20000000000	2393.87313244683	3.00000000000	1.86460091492
0.60000000000	3038.68006209667	1.00000000000	1.63009080324
0.60000000000	2936.61046868682	1.00000000000	1.64559501797
0.98600000000	2634.03624222831	1.00000000000	1.74206007806
1.20000000000	7206.05269600173	3.00000000000	1.68271492775
1.35300000000	2249.18463167611	4.00000000000	1.76576247875
0.47100000000	2074.82903840018	5.00000000000	1.70970766749
0.60000000000	5412.50116628054	1.00000000000	1.67163168111
0.49600000000	6346.50712845883	4.00000000000	1.66980500848
0.60000000000	1641.61722103105	6.00000000000	1.91962794027
1.20000000000	3962.95238952286	1.00000000000	1.81209229677
0.60000000000	7056.84993722943	5.00000000000	1.77268031260
1.03500000000	2244.30891680763	6.00000000000	1.86173644743
1.15700000000	2569.26779669277	2.00000000000	1.81606849633
1.20000000000	1901.31935710705	7.00000000000	1.92335210831
1.20000000000	2420.61348277576	4.00000000000	1.95377786729
0.60000000000	2717.52529343293	2.00000000000	1.88532729259
0.76500000000	5942.18356937003	7.00000000000	1.40396514499
0.60000000000	1649.06292775782	7.00000000000	1.52601928987
1.20000000000	2461.63750363790	1.00000000000	1.90244971278
1.20000000000	50.46899921411	0.00000000000	0.77153972410
0.60000000000	1923.53673216331	7.00000000000	1.45437667625
1.20000000000	2239.94479135823	5.00000000000	1.95163332106
1.32900000000	2143.74233432505	5.00000000000	1.94866875970
1.20000000000	2092.27881048413	6.00000000000	2.01703490582
0.60000000000	2712.31426645979	2.00000000000	1.88766827540
0.60000000000	2299.27447520848	5.00000000000	1.65894863952
1.20000000000	2417.74348627501	1.00000000000	1.91561700176
1.20000000000	2548.63404993490	0.00000000000	0.95684345774
0.60000000000	2031.59812645761	4.00000000000	1.82583568866
1.20000000000	6791.98093029816	4.00000000000	1.78368527956
0.60000000000	7610.57977306234	2.00000000000	1.56955643072
1.03500000000	2306.46047333253	4.00000000000	1.82832404660
1.20000000000	1162.96807356847	6.00000000000	1.86073056059
1.01000000000	2368.40404738839	4.00000000000	1.88155823921
0.69200000000	2765.29794591128	1.00000000000	1.86761278214
0.61800000000	8360.70700322563	1.00000000000	1.57399830607
1.20000000000	2441.50411346499	1.00000000000	1.90635950634
1.20000000000	2138.90065746795	7.00000000000	1.84287743007
1.20000000000	7357.82823726725	2.00000000000	1.67665940098
1.20000000000	2316.44199623365	6.00000000000	1.85598170129
0.34900000000	2702.13606788985	0.00000000000	-0.06872365529
1.47600000000	2335.18453159769	1.00000000000	1.97455726279
1.20000000000	7172.80222428375	2.00000000000	1.69830314542
1.20000000000	2227.04131684342	6.00000000000	1.89630923167
1.20000000000	2188.80929741398	5.00000000000	1.91193994411
0.32400000000	8128.03395302078	2.00000000000	1.00388737384
1.20000000000	2420.49464086141	4.00000000000	1.87905578300
1.20000000000	2121.85803702408	6.00000000000	1.85591365745
0.56900000000	2635.39831880386	3.00000000000	1.81320347974
1.20000000000	832.35160875338	2.00000000000	1.91705221055
0.60000000000	2814.32510316750	6.00000000000	1.89528481382
1.20000000000	6641.44929700538	3.00000000000	1.79008176446
1.20000000000	7109.88347001575	1.00000000000	1.66229535036
0.60000000000	2116.53664270119	5.00000000000	1.64620995779
1.20000000000	2296.83060332987	6.00000000000	1.86708447300
1.10800000000	2161.81157157727	7.00000000000	1.83188161500
1.20000000000	2407.00143632717	3.00000000000	1.88661237151
0.60000000000	7862.80117877028	3.00000000000	1.73045025877
0.60000000000	5706.87798788594	4.00000000000	1.64948398824
1.20000000000	2461.63750363790	2.00000000000	1.85942126028
1.08400000000	2280.14460013178	5.00000000000	1.87122949050
1.20000000000	2573.36553067320	0.00000000000	0.95555746837
1.47600000000	2102.97692295300	5.00000000000	1.96568880658
1.20000000000	6784.72318447312	4.00000000000	1.78523615190
0.88800000000	2697.65048674375	2.00000000000	1.87364414608
1.20000000000	4422.60155510783	6.00000000000	1.82811741225
0.79000000000	6395.24379131552	6.00000000000	1.70031060455
1.35300000000	2317.50117849633	0.00000000000	1.20088180717
1.20000000000	2129.04866832098	7.00000000000	1.87301832453
1.20000000000	2379.88764565038	3.00000000000	1.86980966959
1.20000000000	671.21045707283	2.00000000000	1.89229884900
1.45100000000	2240.84436356080	3.00000000000	1.97020604430
1.20000000000	398.46424928722	6.00000000000	2.03599556914
0.56900000000	5497.25914386606	7.00000000000	1.37704704323
0.60000000000	2222.88714256460	3.00000000000	1.96640321147
1.20000000000	2421.90385945063	4.00000000000	1.95290187700
1.20000000000	3402.95784084157	7.00000000000	1.71723727299
0.93700000000	2165.22048067543	5.00000000000	1.92067092342
1.20000000000	4875.76239058416	7.00000000000	1.71751827798
1.10800000000	2522.19488687936	2.00000000000	1.85556460600
0.60000000000	1645.19739421864	6.00000000000	1.82184912596
1.20000000000	2447.30061244354	1.00000000000	1.82385954406
0.60000000000	2506.56794498046	3.00000000000	1.90839534571
1.20000000000	9191.51520064146	5.00000000000	1.63707355380
0.60000000000	1587.06106434030	7.00000000000	1.56628777425
1.20000000000	6633.42555597673	5.00000000000	1.78224346231
1.20000000000	8801.17152751575	5.00000000000	1.66012679337
0.34900000000	2292.96440129809	3.00000000000	1.32854041159
1.20000000000	2416.09605019104	4.00000000000	1.95685403281
0.76500000000	2798.81226819535	1.00000000000	1.83821418993
0.60000000000	1534.82401631121	7.00000000000	1.60096775057
1.20000000000	2221.35070261776	5.00000000000	1.96345127566
1.20000000000	2278.64494165977	6.00000000000	1.82580120677
1.01000000000	2406.02649549923	5.00000000000	1.79052708218
0.44700000000	1552.96674030224	7.00000000000	1.35930999394
0.60000000000	1759.74619734843	6.00000000000	1.75309954125
0.60000000000	1997.89801261000	4.00000000000	1.83846869004
1.20000000000	2458.51120884170	5.00000000000	1.85035099248
1.20000000000	7300.44271973161	2.00000000000	1.68325473974
1.20000000000	2327.97965230585	7.00000000000	1.80677987030
1.20000000000	2293.20051360128	7.00000000000	1.76319598397
1.20000000000	7109.88347001575	2.00000000000	1.70511695273
1.40200000000	6319.91102192284	7.00000000000	1.79660187575
0.88800000000	6789.15049344938	5.00000000000	1.52763791715
1.20000000000	7314.74070131858	2.00000000000	1.68160178216
0.60000000000	2846.82408449347	1.00000000000	1.68102539679
0.60000000000	3641.59492307679	7.00000000000	1.47744632242
0.61800000000	2098.62614763058	4.00000000000	1.69789659091
0.60000000000	4737.68330438191	6.00000000000	1.83879561982
0.60000000000	1548.71551993698	6.00000000000	2.09051473049
1.37800000000	2288.91075221095	0.00000000000	1.25612453898
0.60000000000	2569.45101746044	3.00000000000	1.78917700583
1.20000000000	2093.74403911415	6.00000000000	2.00946139838
0.60000000000	1773.66037835420	5.00000000000	1.98823530877
0.60000000000	1876.88884668516	5.00000000000	1.94068007488
0.60000000000	2687.51793348075	1.00000000000	1.81534656090
0.60000000000	1669.66049619128	6.00000000000	1.80761874453
0.60000000000	2644.26500400653	3.00000000000	1.68221578453
1.30400000000	2153.06546901878	6.00000000000	1.86429928265
1.20000000000	6359.34528969052	7.00000000000	1.64756063383
1.20000000000	7021.46550473012	3.00000000000	1.70333859638
0.60000000000	1775.72578074857	6.00000000000	1.74845480113
1.20000000000	5427.35301821698	7.00000000000	1.75879426126
1.20000000000	2461.63750363790	1.00000000000	1.90244971278
1.20000000000	6298.44104547652	7.00000000000	1.65712241358
1.20000000000	2548.63404993490	1.00000000000	1.78383915194
1.20000000000	7015.10397065200	3.00000000000	1.70501269368
0.60000000000	6220.58300987860	6.00000000000	1.78099026894
1.20000000000	2406.40025542933	3.00000000000	1.88712366450
1.20000000000	2548.63404993490	2.00000000000	1.83197581170
1.20000000000	7243.68085227715	7.00000000000	1.56096357225
1.20000000000	2438.33440229088	1.00000000000	1.82738731757
0.60000000000	5443.49278086888	3.00000000000	1.79757458704
1.20000000000	7546.96446957212	2.00000000000	1.65563235244
1.20000000000	2303.02467602838	7.00000000000	1.75813291340
1.20000000000	7199.03820190429	0.00000000000	0.99026067115
1.20000000000	6640.55307161120	4.00000000000	1.69553731475
1.47600000000	2255.07225972878	1.00000000000	1.77986951254
1.20000000000	5906.40248082550	6.00000000000	1.75090757866
1.20000000000	2016.98680963793	5.00000000000	1.88034758368
1.20000000000	7145.92250601404	1.00000000000	1.65761657957
0.60000000000	9174.69744896794	3.00000000000	1.70535063277
1.20000000000	2063.77531750445	5.00000000000	1.96710486878
0.60000000000	1656.87576438875	7.00000000000	1.52117576671
0.60000000000	2154.10019996950	7.00000000000	1.51659519019
0.60000000000	2235.21686222135	3.00000000000	1.92512844399
1.20000000000	7343.45682001144	1.00000000000	1.63338670250
1.20000000000	2540.06066628475	2.00000000000	1.83795982634
1.30400000000	6913.43531102746	0.00000000000	1.15042786412
1.20000000000	2238.87935572753	4.00000000000	1.84808531343
1.20000000000	2538.86059206939	2.00000000000	1.87435392709
1.20000000000	2441.50411346499	2.00000000000	1.89115642294
0.60000000000	1967.08964531872	5.00000000000	1.83813786273
1.20000000000	1921.89469202211	5.00000000000	1.91173924654
0.60000000000	9351.38608361415	0.00000000000	0.89944989201
1.20000000000	2291.18661521152	1.00000000000	1.89470041258
0.60000000000	7392.93242154591	0.00000000000	0.88890273019
1.20000000000	3577.42161222782	6.00000000000	1.86760694397
1.20000000000	6456.30393119425	3.00000000000	1.80414064819
1.23100000000	6720.11345776927	4.00000000000	1.73907746123
1.01000000000	2416.04775959934	3.00000000000	1.76981134877
0.60000000000	3021.79972548336	1.00000000000	1.76716465283
1.20000000000	6050.80820983027	4.00000000000	1.89462476313
1.20000000000	4885.27138568857	0.00000000000	0.97444313439
1.18200000000	2393.34184161890	3.00000000000	1.87088935830
1.20000000000	2461.63750363790	1.00000000000	1.90244971278
1.20000000000	2461.63750363790	1.00000000000	1.90244971278
0.49600000000	1948.86008160237	4.00000000000	1.88152124587
1.20000000000	7620.87546723226	1.00000000000	1.60132650753
1.20000000000	2291.80129622492	5.00000000000	1.90848984934
1.42700000000	2095.38943549677	5.00000000000	1.84141363303
0.98600000000	2119.15349231905	7.00000000000	1.89887297251
0.60000000000	2778.34434339248	2.00000000000	1.67041998096
1.20000000000	5918.26205330474	0.00000000000	0.98374067962
1.20000000000	5805.66433614094	6.00000000000	1.78833147628
0.96100000000	2068.61054283571	6.00000000000	1.76018974261
1.20000000000	2225.16016412181	5.00000000000	1.99008120723
1.20000000000	2456.81609343778	2.00000000000	1.86708180405
1.20000000000	2166.04228329669	6.00000000000	1.85100668516
0.93700000000	2197.22664756299	4.00000000000	1.68250560908