Generation:
29

Phenotype:
evol_eql_nn(
  (layer_list): ModuleList(
    (0): evol_eql_layer(
      (b_list): ModuleList(
        (0): power_Module(
          (power_module): linear_Module()
          (power_output): linear_Module()
        )
      )
    )
  )
)

Genotype:
[75, 70, 7, 84, 24, 60, 55, 58, 21, 11, 47, 77, 89, 51, 0, 71, 78, 52, 88, 99, 79, 50, 94, 89, 31, 21, 28, 24, 4, 18, 71, 44, 94, 15, 19, 87, 80, 88, 83, 29, 34, 96, 6, 71, 86, 91, 87, 65, 14, 66, 62, 9, 35, 15, 96, 79, 24, 41, 96, 14, 13, 80, 59, 44, 79, 30, 87, 79, 67, 5, 92, 75, 52, 12, 24, 40, 41, 73, 13, 42, 98, 9, 66, 51, 78, 89, 21, 24, 22, 90, 98, 32, 69, 52, 97, 61, 26]
Math expression:
+1.094*exp(+0.636*ln(|x_0|) +0.047*ln(|x_1|) -0.027*ln(|x_2|) -0.008*ln(|x_3|) ) +0.141*exp(+0.459*ln(|x_0|) +0.095*ln(|x_1|) +0.159*ln(|x_2|) +0.149*ln(|x_3|) ) 

Fitness:
0.023267553392929224