Generation:
50

Phenotype:
np.exp(09.94+x[3])*np.exp(x[3])*x[3]-x[3]+x[3]+np.tanh(pdiv(x[3]+x[2]*x[3]-np.sin(26.77)-np.exp(psqrt(40.19)),psqrt(np.tanh(plog(plog(psqrt(x[0])-np.tanh(27.38*np.sin(46.89)+41.62)-psqrt(np.sin(psqrt(np.sin(pdiv(psqrt(pdiv(x[3],plog(np.exp(x[3])*x[3]))),x[3]+x[3]+x[4])))))))))))+pdiv(x[2]-plog(x[3])-70.41,psqrt(pdiv(x[0]*np.tanh(np.tanh(plog(x[0]+np.tanh(77.29*np.exp(64.69)+np.exp(psqrt(np.sin(x[1])))+np.tanh(np.exp(psqrt(np.tanh(psqrt(np.tanh(x[3])))+np.tanh(pdiv(48.14-x[1],pdiv(np.sin(psqrt(np.sin(pdiv(x[0],pdiv(x[3],pdiv(x[3]-np.sin(26.75),psqrt(x[4]))))))),psqrt(np.tanh(39.38)))))))-x[3]))))),x[3]+psqrt(60.29)*x[0]*psqrt(x[0]))))

Genotype:
[75317, 78622, 92490, 64484, 73420, 15919, 82989, 1674, 78207, 33390, 86776, 51407, 802, 90117, 13317, 36240, 63090, 78987, 84912, 56376, 97788, 98986, 12435, 48297, 5102, 62006, 74446, 38037, 62480, 32969, 57172, 16826, 50287, 51407, 802, 94849, 76844, 34624, 8030, 14921, 44939, 12724, 19071, 67778, 28208, 29401, 57391, 24529, 68754, 69381, 12435, 95147, 60734, 2162, 31297, 33543, 34838, 70430, 64259, 84814, 86856, 55918, 44939, 44939, 12724, 19071, 29516, 5102, 42349, 74135, 87289, 18695, 71853, 45829, 50538, 86802, 47843, 51407, 802, 90117, 13317, 36240, 63090, 78987, 84912, 29353, 97788, 98986, 57611, 1561, 6638, 10002, 29894, 45547, 36240, 73204, 14921, 84814, 60933, 96482, 82989, 56376, 96486, 20723, 12435, 68754, 69381, 12435, 95147, 60734, 51407, 83017, 42982, 42349, 28350, 83017, 71549, 97286, 57814, 93166, 97169, 16537, 6919, 31355, 73420, 12696, 57076, 11887, 86464, 91500, 56376, 37939, 69381, 84912, 56376, 97788, 98986, 12179, 57814, 92278, 56791, 28004, 65665, 96828, 70430, 87289, 18695, 60933, 26229, 50538, 86802, 50043, 74446, 38037, 62480, 32969, 57172, 16826, 50287, 64995, 57814, 92278, 47059, 56376, 49154, 78813, 37859, 24483, 88738, 19422, 33390, 49362, 51407, 62747, 94849, 76844, 96486, 8030, 5102, 42349, 24939, 42349, 20994, 55128, 23281, 89219, 77449, 10213, 52230, 44051, 78206, 67214, 31430, 94849, 4060, 97976, 16356, 73420, 35139, 82989, 12179, 78207, 33390, 96828, 70430, 1414, 41369, 60933, 36136, 19071, 58229, 83984, 36977, 31029, 20644, 20664, 77488, 24504, 3874, 82465, 40090, 34992, 5006, 69249, 27629, 67278, 40307, 33071, 62770, 25342, 39094, 35257, 73221, 16293, 29370, 70140, 86105, 51534, 98068, 47449, 42571, 15713, 95813, 70279, 21462, 46314, 2819, 49279, 25798, 37734]
Tree:
None

Fitness:
1394026188.3572133