x0	x1	response
-3.43129109962	3.17246887344	11.77375861034
-1.86396432471	1.25861979349	3.47436300378
-2.98380006744	-3.16434819783	8.90306284243
3.38386675275	-3.31324791256	11.45055420039
-4.60989402530	-0.62949729884	21.25112292450
1.62162667272	-4.76799666411	2.62967306567
-2.08832902781	2.59236618528	4.36111812841
-2.01863325476	1.61182928377	4.07488021721
2.14973242577	-4.62155725287	4.62134950240
1.21143955192	0.40238603223	1.46758578795
1.28137053872	2.22923583831	1.64191045749
0.12997002489	-4.22923212034	0.01689220737
4.85278035631	-1.13443072850	23.54947718658
2.09121268772	4.57724425702	4.37317050527
-4.92510916466	3.63405601642	24.25670028386
-1.98531946364	0.05144069624	3.94149337270
1.52651449833	0.11181838322	2.33024651360
-3.37019848329	3.82398904654	11.35823781675
-3.60364476547	-0.93738638397	12.98625559569
2.66501364248	4.92970052914	7.10229771462
4.43488112349	0.56038200008	19.66817057948
3.57923283661	4.72924251937	12.81090769870
-3.25652293976	4.10540507594	10.60494165720
4.17809947455	-0.68059431185	17.45651521927
0.12564545229	-4.84510634868	0.01578677968
-3.03030545512	-3.11977521581	9.18275115135
-0.28482671640	4.33908993777	0.08112625838
-4.33122605450	-3.69373871561	18.75951913516
-2.88175595053	1.44732777611	8.30451735840
2.24808209248	-0.66405449420	5.05387309452
0.97671819658	-2.47385784339	0.95397843553
1.63325818677	-3.54499496002	2.66753230466
1.45766471165	2.67443648387	2.12478641159
-1.70658086870	1.88298448977	2.91241826141
-0.64435746951	-2.85252800706	0.41519654852
0.48162769278	-4.32692698514	0.23196523445
-1.52687062094	-2.12788876246	2.33133389309
-0.41305377795	-0.18529173056	0.17061342348
-4.12402783220	3.02620434447	17.00760556077
-2.25818021964	4.46147799340	5.09937790436
2.47715443687	-4.74928469524	6.13629410411
-1.37814187351	1.12173096842	1.89927502353
-2.17201019595	2.61570180527	4.71762829129
-4.30834789897	-4.40866028199	18.56186161853
-0.10150956942	-2.83600719860	0.01030419268
-3.26873090309	-3.77887348454	10.68460171679
-4.03027413897	-2.46063203462	16.24310963521
-1.57725712272	-2.52736020137	2.48774003117
1.21270818145	-2.33791653180	1.47066113335
-3.40422632157	-3.13874486208	11.58875684850
4.47733635857	4.62994442927	20.04654086774
-1.19417188044	3.05557790090	1.42604648004
-1.08211121957	1.40139010060	1.17096469151
-0.88851766214	-4.86517837506	0.78946363593
0.97084711446	-3.05486839212	0.94254411966
1.73641238458	1.25758908749	3.01512796931
2.27607088983	-4.20129847802	5.18049869555
-0.43352091587	3.60802437795	0.18794038449
3.48421184191	-0.43056157003	12.13973215933
-0.72157562701	-3.87857193109	0.52067138550
-4.02649254143	-2.41703795014	16.21264218619
2.12145151751	3.75647499745	4.50055654116
-1.22586506239	-1.77767826704	1.50274515120
-1.24834134088	-1.51491006201	1.55835610334
4.17814151957	4.65875589932	17.45686655754
-4.37050997892	-1.45075324976	19.10135747586
-1.25246834357	1.57467574358	1.56867695164
-0.22630602643	-1.30850630657	0.05121441760
2.74380288682	4.02490522753	7.52845428173
4.40112552034	4.98085238538	19.36990584581
-1.42355259172	2.25731794754	2.02650198139
0.56299492641	-3.15855681154	0.31696328716
-4.38552979979	-1.05684006330	19.23287162482
-1.08598158593	0.44448886656	1.17935600498
-1.69806577231	2.12049416378	2.88342736710
-0.52206863285	-4.72685735122	0.27255565741
2.35280339913	0.44904809109	5.53568383498
2.27801898634	-4.26434706345	5.18937050211
3.47306058883	2.31441402406	12.06214985368
2.73498850564	-4.67620277496	7.48016212599
-2.00372770324	3.77808495815	4.01492470872
-3.59974377673	2.26264558415	12.95815525812
3.68171540092	-4.71814557151	13.55502829340
3.74487020515	-1.59050226486	14.02405285343
1.19027347219	1.91970943900	1.41675093860
3.94059130072	-4.12762664441	15.52825979928
1.21780241256	4.05439081463	1.48304271604
2.15830319417	-0.24627800921	4.65827267795
-1.38097551704	1.12031531695	1.90709337867
1.53089026137	3.23271536187	2.34362499237
2.30861767513	-2.24690945925	5.32971556991
-4.53625332797	-1.84430100268	20.57759425549
3.20208693183	1.93769882863	10.25336071897
-1.20441310695	-1.82372522539	1.45061093218
3.04330776336	3.40827234275	9.26172214254
3.98627822319	-3.59817884373	15.89041407267
2.07645735594	-4.69520558445	4.31167515104
-4.82737621886	0.93410771331	23.30356115842
0.72386750154	4.99462798951	0.52398415978
3.14680522474	1.16590708359	9.90238312246
-0.96905744477	1.21549908410	0.93907233126
3.58161880812	-0.44012139518	12.82799328668
1.97852935589	-1.11061314322	3.91457841212
1.21156808690	4.90546507810	1.46789722919
-0.50036043309	1.07176182200	0.25036056300
-2.06301142906	-1.66849692459	4.25601615644
0.39485957696	0.62228239383	0.15591408552
-4.00012815225	1.21296597460	16.00102523446
3.79991851455	-1.01950864641	14.43938071724
0.74042242911	4.56955182203	0.54822537353
1.65427702731	0.80852732930	2.73663248308
-3.88049270384	-3.07019884000	15.05822362454
-1.23598508860	-3.71111424537	1.52765913924
-2.11614576453	-0.21702825815	4.47807289675
4.70168118880	-2.04812589769	22.10580600109
0.47822620032	3.19934671283	0.22870029867
2.74843566244	4.76328275553	7.55389859055
0.34913011903	1.35747119243	0.12189184002
1.74710838331	4.12282297466	3.05238770303
-0.82508730218	1.78463622115	0.68076905622
-1.37484674610	2.11635573162	1.89020357526
-4.71600610862	-3.68087135610	22.24071361653
1.67104733211	2.83256884544	2.79239918615
-1.27794130803	2.50938116436	1.63313398677
-4.91311464114	-0.58498061360	24.13869547696
-4.29678388279	-2.69466823358	18.46235173537
-1.92431236004	1.04761611167	3.70297805901
-3.18209143956	3.07553035931	10.12570592975
-0.91138675067	-0.92564895920	0.83062580929
-2.87560380331	-1.84540890129	8.26909723360
-0.85371063110	-2.50247622293	0.72882184166
3.62302239679	0.49787976941	13.12629128761
3.62056565522	1.26851517597	13.10849566373
0.81659380918	-0.78585400269	0.66682544919
3.92072518247	-3.44626701913	15.37208595644
2.27262229882	4.47656598020	5.16481211308
-1.83561203933	0.90693736288	3.36947155895
1.93574452374	3.50238473195	3.74710686119
1.26298503827	3.00667511669	1.59513120688
1.58795455630	-1.89808181110	2.52159967289
0.54501377118	2.62203038131	0.29704001078
-4.44839238040	3.39767836799	19.78819476997
1.52575873861	-0.18464765073	2.32793972845
-4.13042865236	-3.61690927952	17.06044085227
1.63851033657	1.21826953181	2.68471612303
-4.10747937112	-2.75776497776	16.87138678418
1.60299704866	-0.36455070421	2.56959953800
-1.07780591708	-0.88036944611	1.16166559489
4.64304388072	4.59867032012	21.55785647834
-1.36447838875	-0.93865516202	1.86180127336
-2.26618492161	4.87817802737	5.13559409893
3.56963158804	1.21268899969	12.74226967432
-3.09388347225	4.78725057333	9.57211493988
2.47034924340	4.36606723702	6.10262538435
4.10871246947	2.49125141114	16.88151815675
-3.85095927834	-0.77286394923	14.82988736344
4.90591656530	-0.35289380054	24.06801734570
2.14994557806	-0.28927379811	4.62226598861
-0.25739042940	1.30272137539	0.06624983314
-3.98511534877	-4.40064414184	15.88114434304
3.30873342297	-2.75664368719	10.94771686428
1.55406304783	0.22941458583	2.41511195663
0.79698898063	-0.12738395392	0.63519143525
-4.22208154468	1.39501243845	17.82597256991
-2.81679237759	1.48091333027	7.93431929842
2.24427223921	-3.83827777536	5.03675788369
-2.79097098594	-3.94755685343	7.78951904437
-1.10617015011	-3.74144736228	1.22361240100
-0.40958476954	0.84283865407	0.16775968344
-0.76026876200	0.65669652197	0.57800859047
2.82927093728	-3.18158746467	8.00477403653
3.56470536417	-3.96986054763	12.70712433336
-1.39708235438	2.12258586452	1.95183910491
2.54106671461	-4.71740828001	6.45702004812
-2.57354580265	2.15656305526	6.62313799832
0.36030060537	3.04297792255	0.12981652623
4.17777530134	3.08797635454	17.45380646851
-4.34158629030	1.73219456071	18.84937151612
-2.48081555381	4.60459113887	6.15444581204
-2.59149053861	-4.29375904984	6.71582321170
3.81480218717	1.00650114851	14.55271572723
-3.69669717970	4.21831592838	13.66557003841
2.62476618770	-3.87887130345	6.88939754009
-3.58264354992	3.25134581037	12.83533480578
2.00225562392	3.65467524399	4.00902758353
1.68270549239	-2.49126161546	2.83149777412
-2.32490649147	2.45602100624	5.40519019410
2.25073675197	-2.53312466054	5.06581592666
-1.08096546643	-1.17361706546	1.16848633960
-1.32467321352	1.92359820939	1.75475912261
-0.25895846111	-4.55501609512	0.06705948458
-2.36759455924	1.63778072010	5.60550399695
-0.44607184582	2.17045063549	0.19898009163
1.14937779036	0.89854466655	1.32106930497
0.89980496006	-2.00299267415	0.80964896615
0.39611025881	-3.50787898793	0.15690333714
-2.27923127688	3.19907732272	5.19489521350
0.96544802483	-3.01413158371	0.93208988866
-0.03963381143	0.05388446170	0.00157083901
-0.57040534516	-3.87779656848	0.32536225778
2.87351575811	-3.93449004793	8.25709281212
-4.82639579915	-3.61289519972	23.29409641001
-3.42172810046	0.03146032724	11.70822319349
-2.94034469334	-3.77848948924	8.64562691563
1.89214039378	-3.58396636598	3.58019526978
3.52527160309	-3.17315466448	12.42753987558
2.51032651891	3.03053728951	6.30173923153
-2.70292926536	4.33179143052	7.30582661353
-2.12087690427	0.55551681363	4.49811884306
-4.70240535755	1.10023071742	22.11261614675
-2.06738032208	2.93685223988	4.27406139613
0.56772150869	-1.27745179505	0.32230771143
3.01899281511	-2.17538352823	9.11431761768
-0.77958144867	2.28867517866	0.60774723510
-2.16710257087	2.76607442781	4.69633355266
4.69005816183	3.59834913839	21.99664556131
3.99815934408	3.76999683262	15.98527814064
-2.75250594971	4.00366314306	7.57628900319
-0.60073426972	-1.88414807054	0.36088166282
-0.77199450245	-4.03482943502	0.59597551181
-3.47382271174	-0.47251776082	12.06744423263
-0.59705159684	-1.10774198797	0.35647060929
-4.77765918095	-0.19699639777	22.82602724928
0.02344229589	1.91766826385	0.00054954124
-2.37091527627	3.19166005794	5.62123924723
-3.90222898317	3.97413028246	15.22739103708
4.57500364488	-3.32910785499	20.93065835070
4.25468486854	-3.42783195826	18.10234333057
-3.06703441319	3.02682894765	9.40670009172
3.78613647931	-4.46322234392	14.33482943999
4.08680748222	-2.89608071890	16.70199539676
0.54354306374	2.81859850770	0.29543906214
-0.21422810111	1.12055145257	0.04589367931
3.90627231956	3.32992449221	15.25896343456
0.57352039099	-1.87933231089	0.32892563888
-2.61443464728	-3.88829935675	6.83526852492
-4.68926454163	3.48828280710	21.98920194134
1.22321727655	-2.53492586940	1.49626050565
-4.83087009173	-3.60615125892	23.33730584313
2.00791092394	4.46024227510	4.03170627848
-4.29450161337	0.23720972944	18.44274410727
2.87082878622	3.21410880258	8.24165791980
2.53676735705	4.45889147311	6.43518862377
1.86200729316	-3.82003767706	3.46707115978
-3.91945618920	-0.19878397894	15.36213681906
-2.37874796097	3.85361350781	5.65844186182
-3.44470423236	-1.47463099910	11.86598724846
-1.82523673142	4.46268253087	3.33148912573
1.74156437098	-2.59709852845	3.03304645828
-0.29769657942	0.75045178214	0.08862325340
-3.58560938590	3.15253594031	12.85659466827
1.53434347358	2.65312188864	2.35420989491
3.04916530382	-3.00808017698	9.29740905003
0.15292555202	-3.83294178671	0.02338622446
0.20553237357	-4.30375968119	0.04224355658
0.12797734174	-1.94300253939	0.01637820000
-4.00068807396	1.67447702719	16.00550506511
-3.11492898347	-0.82411000916	9.70278257204
-0.71651720602	2.61641339208	0.51339690652
1.35518139821	-4.57599828314	1.83651662207
1.35232119226	4.56505300504	1.82877260704
0.30421884994	-1.10250915185	0.09254910866
2.54743538197	-3.36095604847	6.48942702530
-1.35201532431	1.28747809857	1.82794543718
1.78760981810	-0.75628133714	3.19554886176
1.74893097542	-4.11363972748	3.05875955679
-0.35422775265	0.81873938442	0.12547730075
4.07697503457	-3.28560342168	16.62172543251
-4.02771010113	0.37315514548	16.22244865876
2.85518585789	-2.78388544354	8.15208628312
2.77620943082	-0.46685790096	7.70733880376
-1.84456131778	-1.93716654710	3.40240645506
4.93177149032	-2.03327055005	24.32237003269
-0.78895084649	-1.04951147168	0.62244343817
0.28446071773	-4.48553046739	0.08091789993
-4.31049350801	-0.15223835624	18.58035428257
-1.50865450457	1.68748257084	2.27603841415
-2.94897502943	-1.98085936152	8.69645372422
-4.04123598392	-0.38264034939	16.33158827773
-1.37057148472	3.01983750263	1.87846619473
-0.41733510746	-0.63433248513	0.17416859192
1.78746120996	-3.92271657825	3.19501757712
-2.75610033987	-2.30907017066	7.59608908341
-1.49098559000	-1.24438652361	2.22303802960
4.32196584786	1.07481675346	18.67938879011
3.26882353897	-1.75843394446	10.68520732891
1.24314897881	-3.91376129350	1.54541938353
2.07793932666	-2.08390939143	4.31783184526
-3.14806906534	2.06765198209	9.91033884015
3.56045478653	-0.39905520672	12.67683828695
-1.68826373287	-2.83608739670	2.85023443171
2.30366610220	4.23008009255	5.30687751043
-1.08698957778	-2.96577020986	1.18154634220
0.90663717555	4.39738510283	0.82199096808
-4.99823710687	0.00980470257	24.98237417654
-3.46944356248	-4.31138681324	12.03703863320
-3.25641882162	3.09075416049	10.60426354181
1.30093291004	0.25435109981	1.69242643642
-0.14511203864	-0.85903004417	0.02105750376
-2.22235891921	-2.67030525128	4.93887916578
2.16803575076	1.24237882815	4.70037901659
-2.66135939886	-0.03218547107	7.08283384990
1.45019105417	-4.86758347854	2.10305409358
2.09202016094	1.03344166082	4.37654835379
4.20590359215	-3.62835983880	17.68962502649
1.23702354729	-2.49868913657	1.53022725654
2.69677582831	-3.48985720971	7.27259986816
-0.64931194408	-3.45115107166	0.42160600072
-2.62376691432	0.86501340362	6.88415282070
-0.55454269673	-0.86153945648	0.30751760250
2.83244334949	-4.65654684917	8.02273532809
-1.58197605520	1.76914328494	2.50264823922
-3.12003022343	-3.71390552534	9.73458859514
4.42258374977	-1.20957042716	19.55924702377
-1.04893279551	-4.29250877666	1.10026000950
-4.96694687743	4.39450026157	24.67056128322
4.76258763162	3.18112559506	22.68224094884
-2.32115174600	-1.40914313763	5.38774542796
3.93615404686	-3.26871556462	15.49330868058
2.27535317317	-2.38955117073	5.17723206265
3.52881766065	-3.79729266243	12.45255408209
-0.40153640237	-2.58206127096	0.16123148243
2.59546010853	-3.03364590436	6.73641317497
-3.76223470091	0.30681791952	14.15440994474
-0.44359260053	1.03453879207	0.19677439525
-3.15994006337	-1.00607667431	9.98522120408
4.43257708630	-1.37505507179	19.64773962600
1.03822489089	3.97092098203	1.07791092406
1.19113955801	-4.30690981399	1.41881344665
-2.79564642684	4.77013954387	7.81563894393
1.12937364147	-1.96736798927	1.27548482206
-0.34102387646	2.73180333564	0.11629728432
0.24842164052	-3.21387443580	0.06171331148
-3.04898397989	-3.51056989600	9.29630330965
-0.98239130934	3.14086144806	0.96509268467
-2.36863391649	1.91883753150	5.61042663032
0.34657815074	-3.23365325249	0.12011641457
0.00700202683	-3.16372654913	0.00004902838
3.36054588243	-4.37553577261	11.29326862790
3.52857983783	1.45128273706	12.45087567191
-4.89744846073	2.96188416590	23.98500142553
-0.18817184489	-3.83072574761	0.03540864321
0.95198145930	-1.93811598608	0.90626869885
4.61675075044	-1.98989415510	21.31438749165
1.16437725452	-3.09121483443	1.35577439084
-4.78389006256	-4.53264827706	22.88560413063
-1.33317470046	-0.91830485341	1.77735478195
4.88307706244	-4.16549318915	23.84444159769
0.73662592717	-0.58153374998	0.54261775658
4.25445150576	-4.63839320788	18.10035761484
4.92388125653	2.53526392629	24.24460662839
3.52738117668	3.44220323802	12.44241796559
-2.83474392722	-4.98935967622	8.03577313290
-0.73251766110	-3.81002005225	0.53658212382
0.58284804084	-0.92009569556	0.33971183871
-1.01558605188	-0.24575752221	1.03141502877
-3.08310504774	-0.11951839610	9.50553673540
-2.21577457096	1.53637491452	4.90965694930
-3.04847759161	3.79171342351	9.29321562653
4.04573966911	4.95312044296	16.36800947022
1.60510649847	0.08729628332	2.57636687142
-0.26880206250	2.75844240951	0.07225454881
2.29762493765	-1.49067795034	5.27908035412
4.34768413479	4.45857309708	18.90235733589
-0.33080536731	-1.50217512192	0.10943219104
1.02951197371	4.13714311367	1.05989490401
-2.21439069415	-0.82283609439	4.90352614634
4.74544433928	3.57978548809	22.51924197717
4.88350037631	0.78987198609	23.84857592540
0.90096368226	0.28361909064	0.81173555676
0.06319005073	4.86389046707	0.00399298251
0.68697842976	0.08762150939	0.47193936296
1.55129168866	-4.32049608094	2.40650590330
2.21832754665	-3.32123686763	4.92097710422
3.58504268768	-0.99221153309	12.85253107247
-1.94027651132	-1.36278529656	3.76467294036
-3.54110062475	-4.41379931605	12.53939363458
-4.73187884020	2.74206881681	22.39067735835
-0.07987499014	-3.46662886777	0.00638001405
-1.69499231775	3.47496450575	2.87299895723
3.77962044546	-1.64234904328	14.28553071175
-4.43999633946	-2.96991974371	19.71356749444
1.43218460342	2.58035467378	2.05115273829
0.16387555217	-3.99853417873	0.02685519660
3.75392183374	2.29511210465	14.09192913385
-2.65978842913	-1.47448558026	7.07447448772
-0.82398505516	-3.81981561799	0.67895137112
-2.16889856052	-0.80332137709	4.70412096581
3.58950164012	3.70782768180	12.88452202439
1.49627203050	2.27189395747	2.23882998926
2.49209690111	-3.20872143108	6.21054696450
3.51677038836	-4.79117508752	12.36767396442
-0.81775158323	1.76747161976	0.66871765187
-4.38584142857	1.14838952540	19.23560503658
1.47246186239	-3.75881559976	2.16814393620
-3.60256003381	0.03564693250	12.97843879724
-3.06285205106	2.23657361853	9.38106268670
-4.53365302048	3.19813655435	20.55400971006
4.90639028890	2.62499537849	24.07266566700
-3.15452037551	2.45925018104	9.95099879948
-0.31885323975	-4.39175518666	0.10166738850
-4.76675590092	-1.36934175989	22.72196181900
2.81630362690	-2.88734534886	7.93156611887
-2.62786817742	2.34366109564	6.90569115791
3.22181171688	0.50390308516	10.38007073905
2.52788543803	-3.76966349969	6.39020478779
4.30727913798	-2.62751430557	18.55265357244
3.53940028770	-1.74822880300	12.52735439659
1.87507105364	-4.22723549752	3.51589145622
3.43492649256	-1.47218767615	11.79872000928
1.72479728440	1.18995647589	2.97492567228
0.61463906855	-4.44337105435	0.37778118459
4.28953068290	4.78056646563	18.40007347956
0.11381162944	-4.27306269341	0.01295308700
-1.54805708773	1.10316421518	2.39648074686
3.19896677889	2.20596535991	10.23338845246
-0.89477734491	4.44849730116	0.80062649697
-3.82466711711	2.86772904057	14.62807855671
3.00449882367	-0.93689999657	9.02701318141
1.68417836138	-3.71323348260	2.83645675294
1.37146233444	-0.56737511280	1.88090893479
3.25136940554	-4.60896193582	10.57140301127
2.78332367168	-2.32680014486	7.74689066136
2.60515594323	-2.31404049093	6.78683748853
-3.58800249683	3.49603600563	12.87376191726
2.94795549448	-0.68712134931	8.69044159746
4.93418412721	-0.03399240355	24.34617300116
-3.50907310674	3.96638651352	12.31359406848
0.96535488848	-2.00605605538	0.93191006071
-1.19042105407	-3.05021957221	1.41710228598
-4.36581185811	0.56888687854	19.06031318042
-4.29596577864	4.13469030366	18.45532197128
-2.92224495552	-0.95559818763	8.53951558005
-3.57328705886	1.22190538680	12.76838040500
3.35297872423	0.95443141663	11.24246632514
-1.40023211382	-1.52229485687	1.96064997257
-0.04586266268	0.60120732615	0.00210338383
-1.62476215848	1.24795513867	2.63985207162
-1.31909875845	-2.24788690243	1.74002153456
-1.98228175642	-0.72316454771	3.92944096185
-0.33179445632	-1.63281694835	0.11008756124
-3.96175137651	0.99786513194	15.69547396928
-4.68505557236	4.18204026097	21.94974571614
-0.89472860369	1.92818870418	0.80053927426
-3.80041055207	1.25000973743	14.44312036431
2.21218520629	-1.24361686304	4.89376338695
-2.69397840163	2.53984532954	7.25751962844
2.33508641761	-1.59292706091	5.45262857769
1.03769191924	-1.05823988074	1.07680451926
1.18225203293	4.83983922893	1.39771986936
-2.25916424041	2.85691833570	5.10382306514
-0.33708994119	2.32895708544	0.11362962845
1.67898205805	2.39993222053	2.81898075125
-0.31528237726	-4.61280551500	0.09940297741
-2.14246796877	4.63361418429	4.59016899722
-2.50611958969	-0.86910075265	6.28063539783
-3.85252485550	0.04822119077	14.84194776228
3.56442796208	-1.46119719695	12.70514669685
2.71120567074	-1.50820218351	7.35063618904
-0.58166440215	3.99236702526	0.33833347673
1.79863382556	-4.91277347596	3.23508363846
-3.26807387128	-2.56286981666	10.68030682814
-2.69139120058	-3.17739440610	7.24358659456
3.81598552678	4.07639266200	14.56174554062
-1.92366103129	3.95231760477	3.70047176330
0.35699479395	-3.55577557326	0.12744528291
-2.57300395403	1.75108740017	6.62034934743
-0.35829763361	4.61541237788	0.12837719425
-4.48622904748	-0.11135521900	20.12625106645
-1.25882554272	-3.34093453743	1.58464174700
-1.74978532638	-4.90117044750	3.06174868843
-3.83242328938	-1.20751023219	14.68746826899
0.75775349917	1.90930322908	0.57419036550
-2.81967867691	4.08469281165	7.95058784103
1.64842506558	-0.01136861786	2.71730519684
4.00449897428	3.35244494607	16.03601203504
-0.13523118122	1.80975333969	0.01828747237
4.65430301447	-0.45111820575	21.66253655049
-0.19938643657	4.59300429274	0.03975495109
4.55585376637	3.47391045336	20.75580354051
0.43684228155	-2.33938006695	0.19083117895
-0.40609121593	2.43841547303	0.16491007566
2.04281591957	3.94450037839	4.17309688125
0.73344766941	4.49536187373	0.53794548376
-2.98599519818	-3.25534386387	8.91616732354
4.23946615787	-2.33848714457	17.97307330375
2.20791752997	4.00315486974	4.87489981916
-4.51210742599	4.55211257222	20.35911342367
1.27849694425	-1.58540983132	1.63455443647
1.63717894412	1.69026982214	2.68035489506
-4.57552007106	4.47841878421	20.93538392065
-0.60645899264	1.01749689213	0.36779250976
0.85203707361	-1.12728880829	0.72596717481
-2.98985171205	-2.35655562785	8.93921326003
4.27379848857	-4.29214533020	18.26535352087
-2.23803822353	-1.07605768408	5.00881508996
1.79516074667	2.48792309148	3.22260210638
-0.98859439879	-4.37194696330	0.97731888532
-4.24695058350	0.15724073510	18.03658925868
-1.32973247457	-2.95767341823	1.76818845393
-1.11865558721	-0.06068171243	1.25139032280
1.19055142830	0.95657904035	1.41741270342
-0.87787683378	0.36057971927	0.77066773529
0.87598288706	0.73845584677	0.76734601843
-3.22211772167	-3.25186425171	10.38204261227
4.33823007079	-4.84731412105	18.82024014714
1.48159225561	2.81001662219	2.19511561188
4.04535426415	1.24086221040	16.36489112249
3.84759352098	-4.85827875849	14.80397590265
-2.05447075820	3.62773832974	4.22085009631
1.27389806276	2.36412902975	1.62281627429
1.10523420977	4.94911030413	1.22154265844
0.20965648867	4.75926470145	0.04395584324
-0.08103057338	-3.84314782392	0.00656595382
3.10331033184	-0.78235243072	9.63053501571
4.05889350778	3.66315917365	16.47461650750
1.34458345185	1.04429631571	1.80790465900
-3.24534450523	-2.94925831954	10.53226095762
2.05323859481	1.70865956887	4.21578872724
-0.81354884753	-3.12841004103	0.66186172732
-2.65313142319	3.49098499904	7.03910634871
2.86825442578	-4.86293502534	8.22688345103
4.85339284385	0.19151263584	23.55542209676
3.97409972746	0.50836565494	15.79346864380
-0.06579553567	1.18888206371	0.00432905251
2.38359433837	1.70549407299	5.68152196989
-4.68124731647	-3.42171108567	21.91407643794
-4.51148829288	-1.73505317053	20.35352661680
3.80786642191	0.03798288565	14.49984668713
-1.60698982981	-2.97871715912	2.58241631310
2.38547771092	1.50255772472	5.69050390930
-1.07561697443	4.90160928504	1.15695187568
-1.57159588041	-1.34536369000	2.46991361132
0.63198717956	0.13997351508	0.39940779512
4.94410108477	4.51439949870	24.44413553641
0.06579297822	-0.98480008697	0.00432871598
4.04394000311	-4.08820780520	16.35345074875
-0.41033868305	4.78568961578	0.16837783480
-1.26370738410	-4.80100168197	1.59695635263
-4.74056791128	-4.51912550806	22.47298412141
-4.90962885705	2.53412615379	24.10445551402
-3.97147956130	-0.17037973107	15.77264990583
3.63260438766	2.15852322575	13.19581463722
-0.85190765562	3.69123094857	0.72574665371
4.08151756073	0.79418511905	16.65878559853
2.33386951679	-4.51447756844	5.44694692138
-1.16637550146	-3.30904653559	1.36043181040
4.63334234706	4.33128387631	21.46786130506
-1.13381504488	-0.50828744380	1.28553655600
-3.42313495286	-1.64059534521	11.71785290550
1.91997349743	-2.60682534638	3.68629823085
3.04340282540	1.42787384590	9.26230075766
4.59915156179	-1.27777190991	21.15219508828
0.41270173749	2.62916824799	0.17032272412
3.80083842421	-4.60290265375	14.44637272693
0.19845908926	2.07233047213	0.03938601011
-3.65508665005	-3.27770384422	13.35965841940
0.07824227310	1.89887616714	0.00612185330
4.38071249831	-4.21928921979	19.19064199289
-0.67810940134	4.87669506669	0.45983236018
-1.01121739802	-2.81634734291	1.02256062605
-2.81980940845	-1.00644928459	7.95132510000
4.94523466463	-0.76290238227	24.45534588823
-4.72332825853	2.13102858077	22.30982983780
-3.71545745514	-2.05912912753	13.80462410099
2.40643759264	4.04847869255	5.79094188725
-2.19636137227	-1.54806006438	4.82400327760
-2.61477558959	0.74064437308	6.83705138390
-0.04573482172	2.70832891886	0.00209167392
3.06959719686	1.06420847944	9.42242695098
3.88468466703	1.56140869797	15.09077496225
2.86447591050	-0.98774562823	8.20522224185
2.70032727895	-4.45720974227	7.29176741345
4.12400600174	1.01084938554	17.00742550240
0.48788166013	-1.64549512005	0.23802851429
2.46993737662	-1.08426578832	6.10059064441
0.04501196988	-4.85699418151	0.00202607743
-1.64846787969	-2.77062141305	2.71744635036
0.71838968998	-0.98426064658	0.51608374668
4.78370045623	-1.58924223457	22.88379005492
4.59535413112	-4.81022929983	21.11727959038
3.17233391977	-0.78947911426	10.06370249855
3.13607054882	-4.21399200519	9.83493848719
2.46849552223	-3.20019618804	6.09347014325
4.51785749876	2.36775801709	20.41103637908
4.93421606229	-0.06893269360	24.34648814939
-0.21197387181	3.05803758376	0.04493292233
3.54544109521	1.39659321507	12.57015255959
-0.25773731007	-0.73197761550	0.06642852100
-3.14245086618	-3.96737070246	9.87499744633
0.88321067066	-0.81742252440	0.78006108876
-4.76105875733	-1.92101239433	22.66768049073
4.25263811526	2.14312343835	18.08493093939
-3.83084769022	-0.51548308244	14.67539402568
0.91774906881	4.01645639773	0.84226335331
-2.03243871449	-0.50797770319	4.13080712816
-1.20828084087	-2.11643724217	1.45994259040
0.84807058498	3.31756686597	0.71922371711
4.32671004428	-1.02817505710	18.72041980731
1.29950408093	2.34279270987	1.68871085636
0.90387371882	-2.46024055830	0.81698769958
1.81336819628	2.38978388216	3.28830421527
-0.15483617319	4.43952878300	0.02397424053
-0.20172357334	-4.74150526111	0.04069240004
-0.75578865737	1.98209194584	0.57121649461
1.48555530098	-0.29515517767	2.20687455227
-4.25164304741	0.61003352272	18.07646860262
0.48672637117	-1.94456514003	0.23690256039
-2.72852029826	1.38722455492	7.44482301804
-1.10491417954	-3.79386032019	1.22083534415
-0.00325609073	3.62388070075	0.00001060213
-0.25063712704	-4.07373257234	0.06281896945
2.68225833824	-1.99480828356	7.19450979306
-1.65679861124	-4.80409114317	2.74498163822
-3.13080485956	4.06219053277	9.80193906862
-4.76486034320	-3.08940692947	22.70389409017
1.83262095892	-1.51015212145	3.35849957908
4.03487500291	0.50935565346	16.28021628907
2.97822632372	-2.48529827418	8.86983203527
3.63390304091	-0.90273717662	13.20525131075
2.97188013182	0.66288073698	8.83207151789
-1.51388949984	2.69796646031	2.29186141772
3.78010038692	1.25781055325	14.28915893519
-4.07904226366	2.48431289610	16.63858578871
3.49867698431	-0.37559459477	12.24074064056
0.67322928597	-1.80091547326	0.45323767149
3.43376025869	-3.29076865040	11.79070951413
2.29645123682	-1.96534450548	5.27368828309
0.86133613285	2.98813658479	0.74189993374
-2.30502210757	4.20565061880	5.31312691637
1.26398910402	-0.85996224276	1.59766845507
-1.53177588378	-4.05744464021	2.34633735813
-1.56693300505	1.97894183984	2.45527904230
-1.60405979051	-0.80126416968	2.57300781153
1.64206780617	-2.93026279500	2.69638668006
2.30806220424	0.18539810613	5.32715113864
-1.65033631577	1.92407962545	2.72360995515
4.33034555167	-4.10326444829	18.75189259690
-1.08416529197	-1.01720379751	1.17541438030
-3.71090491144	4.41242592684	13.77081526176
-1.02559403555	3.22291594206	1.05184312576
-4.46917117293	-0.29260816982	19.97349097296
1.51150334201	4.10897213348	2.28464235291
-4.92688429418	1.85500809402	24.27418884820
-0.43877471056	3.34033766139	0.19252324663
0.29113171026	-4.43186995566	0.08475767272
2.48546762925	-0.80309847984	6.17754933606
-3.60184602547	-0.04512008373	12.97329479120
3.81483306692	-3.56312985186	14.55295132845
4.26814040214	1.17651309437	18.21702249236
3.86614297053	-1.49266533283	14.94706146854
2.39665511223	0.67360995368	5.74395572696
0.40552118894	-1.46387466684	0.16444743468
1.28771593572	-3.85011648404	1.65821233111
1.67972014472	-0.29154095946	2.82145976457
1.29174620740	1.92128309214	1.66860826433
-4.95182697222	4.38618325988	24.52059036277
1.06398064868	4.95541980374	1.13205482077
1.87319369679	-4.04240217781	3.50885462570
-3.21141275720	4.56295326622	10.31317189712
-4.79755908480	-3.70448167484	23.01657317216
4.26345294323	3.60798180250	18.17703099914
1.92738434427	3.85479015348	3.71481041055
-1.44579699500	2.54798334569	2.09032895075
4.74673637226	-4.31455926785	22.53150618769
-2.04232594742	-0.59674568807	4.17109527552
-2.82617557000	-2.28265872514	7.98726835245
-2.71970364646	4.83945246310	7.39678792456
4.92618350560	2.28152567241	24.26728393082
-0.67348997510	-2.46298152107	0.45358874656
-4.44645525127	2.20273302854	19.77096430155
-0.78156425051	2.47172797815	0.61084267767
0.39067274218	-4.78367099849	0.15262519148
-1.79512370684	0.29323505359	3.22246912287
3.77548415142	-0.60390939990	14.25428057763
0.97617286511	-1.01196860871	0.95291346258
-0.45173657662	3.60963500473	0.20406593466
-1.79720904783	-4.90099688855	3.22996036159
1.28103815893	-3.61373512908	1.64105876463
-4.71025273558	-4.71273610070	22.18648083308
0.58531065676	2.82948284781	0.34258856491
4.57829043263	-0.28956663016	20.96074328549
4.19268482368	4.40532528908	17.57860603074
-4.56549991417	1.56502735846	20.84378946626
2.89227296628	-2.71437732835	8.36524291148
-0.06480380971	-3.06413916487	0.00419953375
4.14865088228	2.14589988517	17.21130414307
0.66345344027	3.03745122282	0.44017046740
-2.41647252196	-0.58958339092	5.83933944941
0.60132187922	1.06133027014	0.36158800243
3.45769187880	2.48932393778	11.95563312869
-1.83887387885	4.94682531794	3.38145714233
0.62390035420	-4.35362148995	0.38925165197
0.12734172294	-2.21880869289	0.01621591440
1.32246915697	3.33455342957	1.74892467113
1.84110698996	-4.85381988745	3.38967494847
-2.52579035247	-4.09685216431	6.37961690463
1.88097088204	2.96956186822	3.53805145910
-3.27877641828	0.70999462940	10.75037480105
3.55991946452	-0.96186135786	12.67302659386
1.26939143763	3.07534606101	1.61135462192
2.62080433415	1.20916112942	6.86861535792
3.53298575835	-2.59070170390	12.48198836870
-0.46599731871	-2.34308130695	0.21715350104
-0.97707066810	-3.29048019073	0.95466709046
-4.66470049243	4.72231701895	21.75943068407
2.13668148949	1.83847183905	4.56540778755
-1.15046954114	-3.80921663554	1.32358016509
0.52056029208	3.97573219368	0.27098301769
-4.19663188615	-4.98022154981	17.61171918788
3.84946387602	0.06363677543	14.81837213274
1.12539710344	2.52068020127	1.26651864043
-0.11397787176	0.37865594642	0.01299095525
2.93737137245	-2.60827029477	8.62815057967
0.38817413501	0.46207706842	0.15067915909
-4.65471772982	2.56285908411	21.66639714430
-4.39090228125	-2.84644832156	19.28002284346
0.31329075676	0.89357713531	0.09815109827
-3.70076568268	-4.80251660491	13.69566663809
-4.95970863541	-1.93669022229	24.59870974812
2.24985795736	4.88580222064	5.06186082830
-3.78510947078	0.36076135949	14.32705370579
0.44763054543	2.56774734660	0.20037310520
-2.88234872805	4.89569896892	8.30793419007
-4.20261608401	-1.49440031056	17.66198194958
0.33249182959	2.24960563795	0.11055081674
-3.39779380722	0.61714240619	11.54500275641
3.85243260885	-1.83799444959	14.84123700571
4.68404347734	1.45241562152	21.94026329766
-1.96508186515	2.64145599645	3.86154673675
-3.73170601228	-3.87575833129	13.92562976212
-2.83972936307	0.48489380931	8.06406285546
0.57191641602	2.10387096806	0.32708838691
-0.12539874973	-3.65088845922	0.01572484643
-4.52962614680	3.00124975123	20.51751302976
-4.61354968554	0.05179745992	21.28484070098
2.38887841233	-3.72578176076	5.70674006892
-0.94910174993	-1.65257389265	0.90079413172
-2.92997646628	4.41565881986	8.58476209293
-4.52144396110	-1.18996701818	20.44345549339
-1.37606042686	-0.17269766996	1.89354229836
-0.82120217413	2.50180882275	0.67437301079
1.55941173295	0.86285346681	2.43176495286
3.92118685120	-3.61660009182	15.37570632200
1.51617004043	3.72000380017	2.29877159149
-2.07304022007	-0.06860375532	4.29749575404
-3.27770581243	-1.81421042852	10.74335539284
-1.56985485170	2.25431559786	2.46444425540
-1.93173693116	2.51559162236	3.73160757119
3.93336009389	1.40761531926	15.47132162824
3.30684335045	4.82707338662	10.93521294439
3.03181643250	-0.60826159360	9.19191088038
-4.65156599841	-0.14298698038	21.63706623757
3.07749192917	-3.33828990889	9.47095657412
-3.12250174859	-4.60909528243	9.75001716995
-3.04140053729	0.59279094392	9.25011722825
-0.03766449989	-4.70480891096	0.00141861455
-2.00973618853	2.23188565749	4.03903954749
0.69464325303	-3.18579831959	0.48252924897
-0.50305860414	1.98672107843	0.25306795920
0.58812790567	4.09089246677	0.34589443343
-2.77139722940	-1.10610629009	7.68064260311
2.94773568383	1.28059439033	8.68914566170
0.48415924262	2.53081382632	0.23441017222
1.56673957425	0.37117047086	2.45467289351
0.36319483968	2.86332597423	0.13191049157
-1.89679565512	-1.63486617779	3.59783375728
-0.48737717527	4.51151577201	0.23753651097
-3.65276007918	-2.07004454843	13.34265619607
-2.05703428598	1.76452785469	4.23139005369
3.39941737581	-1.86175293307	11.55603849495
-1.10520199065	3.68740728859	1.22147144015
2.67454474479	-3.79116383380	7.15318959186
0.29636202113	-1.34104271713	0.08783044757
-3.73288099813	2.87978713652	13.93440054622
2.16211199667	4.87347747197	4.67472828614
3.24001011340	-2.07703329847	10.49766553491
-4.96894856670	-3.44574249251	24.69044985851
-1.85640117917	0.23238218684	3.44622533804
0.84109880293	-0.71335353017	0.70744719629
-1.51454472856	0.31010329999	2.29384573481
1.04463788199	1.41800987561	1.09126830449
4.13755078354	4.73288018174	17.11932648638
-0.21986519927	2.51815974853	0.04834070585
0.88057226684	0.60782973787	0.77540751713
-4.91957601656	-1.65006311929	24.20222818276
4.88832451572	-4.07954905949	23.89571657095
-1.50989793536	-4.09728145085	2.27979177521
-4.49120649521	-4.21554560176	20.17093578263
0.01665703199	-3.35880417280	0.00027745671
-0.19072984505	4.27015509566	0.03637787379
2.92886729731	2.21584939153	8.57826364524
1.58775925490	3.33392739418	2.52097945152
-4.72082507204	3.17753273326	22.28618936084
2.45547769850	2.60660992682	6.02937072783
-4.04111676270	2.33501676138	16.33062468974
-1.44809782028	-1.14769270430	2.09698729710
-3.34081404299	-4.09983291573	11.16103846987
-0.00654588512	0.21224713357	0.00004284861
-1.47808718651	3.51076882793	2.18474173093
-1.09274865685	-4.03371552957	1.19409962705
3.46598844934	2.88081999092	12.01307593098
0.99698872490	-2.57388161942	0.99398651758
2.80183034229	0.61252538328	7.85025326699
-2.66033432114	-1.25744414979	7.07737870024
-0.60063576279	-4.72780524810	0.36076331954
0.04407405818	3.95567388826	0.00194252260
-2.22950024871	-0.37445680819	4.97067135898
2.30783811695	-0.15799721174	5.32611677405
0.16086288671	-4.40553373799	0.02587686832
3.46331595693	-1.51964498355	11.99455741754
-1.49608066216	2.99536605613	2.23825734770
-3.38788207277	-4.25427333815	11.47774493897
2.33752985342	3.29627363053	5.46404581561
-1.65986496332	3.41111107565	2.75515169646
-0.82717157293	-2.78300775298	0.68421281106
-2.49276659266	-4.23240338315	6.21388528548
-0.17767886011	-0.94542954810	0.03156977733
-0.74044722741	4.68120490631	0.54826209658
0.55330614025	-4.54265659683	0.30614768484
0.66603352716	-1.44613085342	0.44360065930
-1.41657301305	4.04250869162	2.00667910131
-3.57020480078	-4.92355570818	12.74636231949
-4.98762740030	2.02275311339	24.87642708418
-1.91803782836	4.37374192057	3.67886911101
0.71352440339	-2.52476373435	0.50911707423
3.13388221665	4.89864424484	9.82121774786
2.26362856490	3.51026059581	5.12401427984
2.38158702828	1.17235188296	5.67195677326
2.48422406688	-4.07816533476	6.17136921448
1.09554588275	4.01481551294	1.20022078122
2.69826532515	0.94795291161	7.28063576489
4.79873545588	3.54323260635	23.02786197549
2.49683516010	-4.57999190180	6.23418581673
1.39720952719	-1.40562258850	1.95219446287
3.31233149641	-0.24393976958	10.97153994212
-1.49359176230	-4.43421315421	2.23081635242
0.39069148305	-0.26964732591	0.15263983492
1.70641672815	4.07934874738	2.91185805010
-4.40507737117	-1.39209983414	19.40470664599
0.87375330919	-0.79517517195	0.76344484533
-3.07039055985	0.19985509705	9.42729819004
4.87943100960	-2.56678727106	23.80884697741
4.93927093437	1.62179706875	24.39639736308
-1.81704106932	-0.84503439681	3.30163824758
1.29658569479	1.18601257206	1.68113446394
-1.08322305136	3.03285359526	1.17337217901
-4.05664921696	-4.11930770509	16.45640286948
4.99909424547	1.35793874678	24.99094327511
0.40023667330	2.95925734788	0.16018939465
0.59781315466	0.15583076656	0.35738056788
-2.82730688030	3.34337492220	7.99366419541
-4.35983398473	-0.42981798341	19.00815237442
0.94390951134	-4.70746597972	0.89096516560
-0.34227330835	3.15252910798	0.11715101761
0.34994654218	2.65533305889	0.12246258238
2.70800060850	0.07205775707	7.33326729565
4.00533781513	1.31043264546	16.04273101332
1.89319947727	4.55591267041	3.58420426073
3.50207987137	-2.22316842138	12.26456342546
-4.78182054285	1.22084865147	22.86580770400
3.23957889520	3.60114968438	10.49487141821
4.16585817230	-4.63174843970	17.35437431173
3.35922727705	-0.24319344611	11.28440789886
3.42323933675	0.88916093378	11.71856755665
1.70355210696	-1.80436243765	2.90208978113
-1.23925936762	-1.10528003984	1.53576378024
-0.63541730841	-3.63257449686	0.40375515583
-4.86688940800	3.83467470338	23.68661250967
-1.61952520273	-3.52971582076	2.62286188226
-4.79403724355	-0.16833215168	22.98279309254
1.71705071579	1.66069093781	2.94826316060
-2.62559023851	-3.34095471194	6.89372410058
-3.29726636701	-2.94892645094	10.87196549500
2.16264335361	1.49863543541	4.67702627493
-1.07122401893	3.22553202263	1.14752089874
2.30950113893	-3.05020516890	5.33379551070
-2.07434394727	3.90337506028	4.30290281157
-2.52371985552	-2.96361367599	6.36916190916
-1.07424126446	-3.35897074756	1.15399429427
3.73334265783	-4.86705526184	13.93784740079
3.46704905511	-2.23999626936	12.02042915053
1.44658857743	-2.14432906314	2.09261851234
0.48601958134	-4.27541695018	0.23621503344
1.77287437478	0.75879910717	3.14308354876
2.11900827848	-4.94314351087	4.49019608428
4.26266850306	-2.89022112256	18.17034276699
-4.15897036483	-4.12230996907	17.29703449554
1.76581691272	-1.13890454144	3.11810936925
-1.48445230485	3.09161013867	2.20359864537
1.93815439938	3.80265162801	3.75644247583
-3.38622041940	3.74382290003	11.46648872877
3.81741393036	-1.97925367229	14.57264911573
-3.59105562034	-1.44260578057	12.89568046841
3.63858481136	-3.78681958139	13.23929942947
-1.60267495642	-0.95025220426	2.56856701592
4.74979044089	4.38435875072	22.56050923238
-3.81409905891	-3.09793243092	14.54735163116
-0.63472113479	3.16897550104	0.40287091895
4.17024830980	-2.83026976825	17.39097096538
-3.28201752283	4.57297587995	10.77163902019
-2.08441555645	-1.47447299985	4.34478821198
2.20478619614	2.37637641900	4.86108217069
-3.80249814654	2.20850383059	14.45899215446
-4.85514004381	2.44970287780	23.57238484498
4.11322383750	-0.00418204233	16.91861033738
-0.31569417374	0.17757373633	0.09966281134
4.00603106833	-3.18618589452	16.04828492041
1.09432598232	-3.12205057381	1.19754935559
1.17679676797	-2.60771725248	1.38485063311
1.84988436017	-2.89646339006	3.42207214602
2.79270483266	-2.99107524810	7.79920028235
-3.30598586720	2.99640894794	10.92954255413
2.99604079775	3.10228948455	8.97626046178
0.81369934637	2.27598081107	0.66210662628
-4.70614410490	2.22952528657	22.14779233610
0.97339746971	-2.24391072208	0.94750263404
0.36485634708	1.29223474210	0.13312015401
-0.23737283661	-0.86256912111	0.05634586356
-3.53664092992	0.70275519229	12.50782906716
-3.47334121084	-4.29377285475	12.06409916692
1.57060825066	4.80980826233	2.46681027703
-0.52191551391	-2.43132246681	0.27239580366
1.97488771906	-2.55835940142	3.90018150290
-1.39344798402	-1.43560984770	1.94169728418
2.70303210961	-0.20682574569	7.30638258558
-1.68360699534	-3.06998149536	2.83453251476
0.39144842259	-2.35417118300	0.15323186755
-2.69898477208	-4.78181338962	7.28451879995
-1.50377398594	-4.12915345499	2.26133620080
1.43763342187	2.44120122502	2.06678985569
3.14847333387	-4.52544557599	9.91288433411
-1.39009964690	-1.56109051858	1.93237702831
-4.97021637783	0.46076190653	24.70305084242
-0.48870093224	2.12967992473	0.23882860117
1.61880453324	-0.54348447453	2.62052811685
-0.57039463834	4.07320950495	0.32535004345
2.56377949660	-2.35368563682	6.57296530716
3.71233332632	4.16679276474	13.78141872568
-1.76627795656	2.19903174743	3.11973781983
-3.79754812241	1.21446126047	14.42137174200
-2.00180713812	2.86683837884	4.00723181821
-3.01569164387	2.65191911639	9.09439609092
-4.84125383622	2.08781213562	23.43773870668
4.73673921063	4.94212424540	22.43669834952
2.99665925115	1.66026178393	8.97996666749
-4.53590391074	3.87268089537	20.57442428747
0.54381885951	-4.32572290656	0.29573895196
4.38588486540	-1.78359727198	19.23598605259
2.26209235966	-1.13588071385	5.11706184365
-4.85865555071	0.43455270997	23.60653376041
-3.80133903921	2.88456180461	14.45017849102
0.74170673123	4.26054051994	0.55012887515
0.02255871228	1.16162890332	0.00050889550
0.49114209289	3.20550171868	0.24122055541
-0.13396300019	0.53116356948	0.01794608542
-2.34942894488	-2.70530103119	5.51981636703
2.65412420976	2.05566448280	7.04437532083
0.09539352711	1.10678080251	0.00909992501
3.22700186611	4.81624258276	10.41354104385
1.09825028666	3.54306737015	1.20615369216
3.69408962647	2.87727532888	13.64629816842
0.93354671651	3.19780105203	0.87150947190
4.82485124427	0.07581784622	23.27918952931
0.39293208638	3.02002469831	0.15439562450
3.77323426640	-3.77263805232	14.23729682912
-0.61422333661	-1.71336153296	0.37727030723
0.42367542847	-2.81966640846	0.17950086869
2.71147261400	-2.51592513515	7.35208373649
-1.12137926145	4.53818019521	1.25749144801
-0.64919253170	-1.09116832281	0.42145094322
-1.65770755044	1.28779357537	2.74799432278
4.27382258823	-2.87564112860	18.26555951566
-3.70732013788	3.90331106493	13.74422260472
-0.07897917937	4.65935033040	0.00623771077
-0.98003345472	-2.51503047192	0.96046557238
-1.87953648613	0.19977745775	3.53265740268
3.93193260699	1.72376353160	15.46009402588
-1.22858470294	1.04170734905	1.50942037229
-3.42593841991	3.68879068646	11.73705405698
1.01983588710	-1.48404566651	1.04006523662
-1.94391203707	0.43319841295	3.77879400787
1.01106057321	2.63427955537	1.02224348270
2.56819714761	3.14692712889	6.59563658900
0.71451045408	0.75772364484	0.51052518899
-3.73564969013	-1.24981909712	13.95507860735
-4.88769874117	-2.12424218392	23.88959898443
3.88477184203	-0.84007827566	15.09145226461
-2.50765520371	2.74177502728	6.28833462067
-0.94280113951	-2.33990921186	0.88887398866
1.75312443876	1.25383007650	3.07344529777
3.26748692622	2.96426515811	10.67647081303
3.11349087781	2.42091989106	9.69382544623
4.77047408692	-3.69793206108	22.75742301397
-3.43945736134	4.82605182869	11.82986694046
1.30308872028	-3.63094101569	1.69804021293
-1.98678892380	-2.06313824833	3.94733022773
-3.83739415981	1.40187460911	14.72559393771
0.50881476433	0.50878799862	0.25889246440
4.72304113694	-1.99777321725	22.30711758125
2.73755577844	-1.21053019395	7.49421164005
-1.06175390725	4.58640469448	1.12732135956
-4.39010574886	4.04048076533	19.27302848613
-3.12387156120	1.69945799563	9.75857353089
2.30115017217	2.45113946548	5.29529211487
-1.76534944010	4.13443783540	3.11645864565
3.87839476733	-0.58868393336	15.04194597126
2.41527848036	-3.50832259928	5.83357013768
-1.55558296918	-4.37551341729	2.41983837400
-2.55375933892	-2.38841103625	6.52168676114
4.29395214521	-3.85925789098	18.43802502532
-0.30365332153	-0.98906982525	0.09220533968
-4.54637360188	-1.07484754710	20.66951292789
-1.85516293759	4.85662927042	3.44162952499
-3.22331734437	-4.79396473406	10.38977470250
-1.35571638300	4.90760396453	1.83796691114
-0.89812085348	3.97264096636	0.80662106746
-4.33982495828	-2.65159909498	18.83408066852
-0.14605744061	-3.41311229828	0.02133277596
2.11873925450	0.67460417358	4.48905602855
2.85357805078	4.19353882480	8.14290769192
-4.04122972052	4.96832375343	16.33153765402
-3.37831853477	-0.20383425887	11.41303612234
3.17558684959	-4.19952370191	10.08435183931
