Generation:
50

Phenotype:
np.exp(x[4])+x[2]+pdiv(x[0],x[2])+x[3]

Genotype:
[63495, 88522, 57943, 20145, 83595, 77666, 38433, 78369, 29936, 18387, 23976, 20595, 37249, 88815, 69328, 65101, 32486, 50819, 36344, 88352, 52116, 567, 38443, 11, 38681, 69328, 43319, 37249, 98281, 87254, 23976, 68804, 533, 16310, 90493, 61812, 36164, 92504, 93084, 58109, 3002, 40043, 20313, 95167, 54291, 29512, 49949, 1889, 54291, 98245, 57760, 68841, 97587, 28399, 50792, 61812, 50161, 70314, 24893, 83595, 54291, 28987, 61129, 69328, 9988, 1090, 21794, 18347, 50819, 79888, 31086, 69328, 93833, 50819, 32478, 58167, 75893, 36173, 69328, 15964, 8407, 52917, 69328, 95746, 69328, 95746, 93144, 51293, 29038, 75519, 2564, 29171, 68928, 92160, 96458, 28757, 40619, 97019, 54679, 50281, 66608, 77435, 59443, 32354, 71330, 18785, 48160, 42536, 44986, 68202, 10960, 4509, 82946, 38244, 96195, 30814, 75601, 91014, 38307, 28316, 62503, 78865, 31010, 68327, 12897, 40663, 5141, 69456, 4584, 91344, 31070, 10161, 29536, 49842, 9671, 37579, 97298, 13938, 30650, 88882, 38279, 83630, 55080, 91495, 9933, 49879]
Tree:
None

Fitness:
6.008617975827952