Generation:
9

Phenotype:
np.tanh(plog(psqrt(np.sin(psqrt(x[2])))))

Genotype:
[726, 473, 349, 80, 994, 806, 917, 655, 58, 387, 348, 197, 286, 373, 223, 996, 596, 255, 318, 914, 938, 757, 37, 170, 849, 404, 755, 392, 635, 903, 638, 577, 823, 955, 424, 851, 169, 333, 94, 973, 65, 259, 235, 59, 502, 348, 558, 612, 625, 991, 419, 240, 467, 662, 676, 824, 591, 554, 495, 842, 919, 319, 855, 409, 716, 236, 855, 904, 600, 778, 656, 85, 779, 742, 927, 291, 170, 602, 362, 725, 98, 453, 497, 45, 945, 115, 914, 622, 934, 883, 268, 1000, 257, 722, 208, 906, 83, 173, 621, 5, 95, 242, 209, 300, 406, 332, 819, 472, 152, 409, 589, 20, 331, 84, 572, 685, 777, 821, 548, 593, 715, 996, 270, 575, 900, 59, 927, 100, 204, 289, 741, 758, 287, 887, 296, 604, 500, 328, 311, 7, 201, 449, 989, 502, 597, 257, 143, 286, 521, 552, 214, 35, 76, 665, 430, 766, 868, 796, 248, 11, 51, 352, 405, 749, 108, 426, 170, 997, 722, 543, 655, 308, 985, 726, 395, 938, 197, 623, 432, 771, 261, 785, 662, 437, 989, 865, 750, 174, 13, 489, 658, 838, 672, 394, 271, 980, 699, 986, 452, 48]
Tree:
None

Fitness:
0.19290560187540406