-2.02751376884	1.05849163553	9564.74881342520
1.90385633618	-4.11337969495	2.26359957030
-1.31250471279	4.30172488385	210.11984253780
0.06006341543	-3.48607170996	2.41930614716
2.68605124806	2.92451812341	17.16322152666
-0.78947521807	3.05894380043	24.58709117186
2.87777388976	-1.10458977860	33.98892652263
4.57337111762	-3.16388623247	351154.34819931083
1.30264236668	1.29602340890	1.09591803715
-1.20497959599	-1.97385348905	129.27410806530
3.10650834536	-0.88769745423	84.55290296534
-4.61446182339	-0.09617423330	48967678125593.52343750000
-1.05086302174	3.85757518971	67.09027724210
4.60734362284	-1.02736767012	448170.04910612054
-2.41073084116	-2.75703438709	112767.65954887113
-4.97325408020	-2.09347145618	3129858862433569.50000000000
-0.44154679494	-3.86159812079	7.98893262516
-0.01966382158	2.39510794683	2.82840884805
1.84696322256	1.61172019114	2.04898940898
1.34907220827	-0.03001709012	1.12958624023
4.93967095176	-1.76767132153	5504118.61014691368
0.24029068160	1.75662620245	1.78097015810
-2.30912690807	-2.22082784423	56972.32449261990
2.16342374815	-2.21687043956	3.87116237701
1.75695129897	-0.48404541150	1.77353595590
2.80993459860	-4.92784104296	26.46606248238
-0.58656164316	-1.30040558241	12.39357071670
-1.78753125553	-1.34230930510	2369.25419880678
1.99923984569	3.22395465994	2.71415390935
-1.20187417136	4.89710749912	127.51702263082
3.46062647918	4.79450892981	426.10366853206
-1.60157534609	2.87940271701	869.73996951824
-1.73830507904	1.88281965239	1804.99789742148
4.97451909547	2.47187452415	7252102.90217423160
0.52233497337	-0.23242630308	1.25629118663
4.48586166621	4.90060253514	189327.11324772309
-1.08344035540	-3.88099745408	76.76307379106
-0.15456545081	1.24438561272	3.79248463269
0.62207088041	2.18339702474	1.15353416810
-4.04669038895	-3.67119004029	115101925556.26803588867
-3.91642141449	4.40075086018	31435369868.46921920776
-0.62397367718	4.91439668915	13.97528628268
-4.75051619971	2.75156909982	229847362487161.09375000000
3.80642506470	3.32796082951	2633.37518787375
1.54725762053	0.81472468284	1.34917177372
-2.31750534563	4.71657307736	60224.93319866327
3.27875246567	-1.63968948849	179.95607616231
-1.75266590009	-4.83994408728	1953.09301702471
-2.51613327978	2.92400529729	234027.34375642246
-1.62317064878	3.99824596787	973.62308526633
-1.16273716230	-4.92213496824	107.49367763876
4.59774047510	4.26996950749	418208.97476106579
1.13180707738	0.03349646388	1.01752489580
1.52825820364	0.62669786501	1.32188233175
-1.94957787211	3.55114929078	6002.96998757878
1.78461067647	-0.73605760255	1.85079247759
4.25006074863	-1.74682655692	38672.91912174293
2.69165139689	-2.41899484380	17.49096476735
-3.66615288681	-1.62761371369	2856842306.13595438004
3.62735176740	-2.34412083510	995.23342704032
4.39734470697	4.59337675141	102945.09408888630
-1.11165834410	-3.83811180440	86.40978849771
3.65949528344	2.79651778892	1179.58169949770
-3.42184839781	-3.50222614935	310204790.92186242342
1.56489311634	-2.48577470530	1.37589473091
-3.22135956168	-4.49945771638	54837046.19564390928
-1.79190008827	0.84046924423	2427.71582098289
1.24264339618	3.94478964147	1.06064351942
1.81408309352	0.90189513722	1.94008402337
-3.63661355891	-1.07982220038	2170417309.70752429962
4.90662056895	1.25357116913	4246833.77767644636
3.04209534412	-3.40773891586	64.72537986156
3.89707645759	-0.46539409972	4416.27562522584
4.32561721222	4.91415743065	63559.37848442248
-3.00377357434	-4.74023175574	9158590.36530066095
1.54149429617	1.54796292090	1.34073245494
-1.82929864487	3.22969676090	2995.69285744892
2.71445253028	0.75158329381	18.90350734330
0.94534871951	-2.04758367712	1.00299122728
4.02674260860	1.12071239219	9520.19697944458
-0.27328487678	-3.23928391109	5.05943277607
-0.18243960437	4.88848229350	4.04775909453
-2.89202973586	4.93381488854	3790071.58515699953
-2.01108479601	1.41425723858	8661.39997801403
-0.47199848174	4.61205006002	8.73012362114
3.96020698760	-0.74185548887	6392.14651922517
2.15327227655	-0.04106752779	3.78118307644
-0.14628517589	0.84954848680	3.72091536722
1.74533928058	1.64556853908	1.74286557917
2.99340073516	4.61263516654	53.17809114373
1.71471969593	-3.71033312326	1.66666436663
-3.54492071942	2.66043166317	935231215.33299350739
-3.79420144624	2.37809097991	9593652387.86580467224
-1.83556083015	2.94998273237	3103.87069063237
3.01316537651	-4.32301885693	57.56040010967
-4.04132227808	-4.98641274451	109034514022.95707702637
1.82682834453	3.01661335933	1.98108586554
-1.49617808619	-0.92319425942	508.21522951473
2.67050725160	-3.99646028243	16.29070138142
-1.66431210053	-0.71182356351	1210.22185018895
-4.08597307197	-1.04577975281	171375362287.76974487305
-4.29110561663	0.17529828068	1440193573153.94287109375
1.20469789573	-0.69666356916	1.04279147560
1.22836069418	-0.76417188586	1.05353229278
-3.95672852720	-3.81867145218	46800404940.02965545654
-1.81508730772	4.58089007724	2764.78056755404
-0.85774590269	0.37008215180	31.53884116070
3.33097717116	0.87057774367	228.93876647152
-1.68135423345	4.03243837201	1325.65310343340
-1.15490640150	-1.56744568339	103.92002357434
-4.28814384987	0.03274998594	1395767245654.26391601562
-3.75635076738	-1.06911420105	6683265967.56182098389
-4.72494414649	-0.74482934418	171393891130319.65625000000
-1.47937793145	4.78056300207	467.46053449931
-0.40683883782	3.04922206173	7.23691865444
-3.13326932432	-2.34320298496	26269399.62549999729
1.13124717687	-2.39750461013	1.01737504148
0.25783861339	3.46358408422	1.73464628755
4.49792273895	-1.31238751546	205965.40312382978
-3.92741792733	-2.98305287998	35029185787.99311065674
-0.04334137139	1.47254660005	2.96999781540
4.90683095842	-0.65456278763	4253820.75251224823
-3.68719448916	0.05413197373	3478239734.15084838867
4.91327917341	4.96748235406	4473823.13750924170
-4.81710869296	4.90863327626	496573957327684.87500000000
-4.69300417079	-1.24421930798	119018075047354.45312500000
-0.60255391450	4.43616403020	13.04205386245
4.72138327106	-2.48578998037	1033739.58485020173
-2.08055198699	4.69973232479	13224.15743299615
2.34913553314	2.63453175799	6.17288730280
4.79393974876	3.94224127073	1783304.77703744336
4.00464190227	-1.23370092173	8332.11796956447
-2.25939619807	1.21536214774	41095.89741719572
-1.68976753228	1.07515009796	1386.93197959758
4.23647227866	2.18889208262	35410.11562910241
1.80443885061	-3.23367934676	1.91003556893
-2.20014749050	-2.44286659494	28027.57037560042
-2.64204109623	0.65867468424	576345.93826299196
1.81236938389	-2.05384366731	1.93468401978
-0.03717348314	3.09034261480	2.93212915775
-3.92379025145	2.02735192021	33799452472.30518341064
-2.82547905533	-0.79136036977	2267730.25767318252
4.81733264132	1.20880820987	2130843.55501407944
0.00451222834	0.02290619797	2.69391601728
-2.38859688635	3.01747330795	97011.89299376680
-3.94635740764	1.42368191173	42232318417.46076202393
-1.44280553071	-3.60531384659	390.44958642663
2.11854276200	-0.84592113210	3.49431691569
0.44086114773	-0.69506069615	1.36702419389
4.54397894604	2.64639498214	284869.58841108211
-0.48042580634	-1.10771299468	8.95006297050
1.00578884460	2.41271425470	1.00003351128
-0.97070983496	-0.10522219694	48.60358305470
1.42233756107	-0.55864452892	1.19526631165
1.41954813824	0.82655552880	1.19246267118
-0.00497644630	0.40413124425	2.74553967243
-3.12023264508	3.69019924520	23589613.08542847261
-3.20183743505	3.44067763643	46522090.88868196309
2.11586661587	-4.75678206462	3.47348462376
-2.39413948138	2.17970061560	100728.37525110901
-3.63426552171	3.86894223626	2123681392.92458629608
3.70446204455	-2.67872601350	1501.34244536062
3.28435398732	1.84705266558	184.61510409813
1.66029359124	0.66962731500	1.54648965935
0.53868772061	-2.55401750276	1.23714835699
3.44924523367	0.22179198574	402.94586168482
-2.25235216195	2.22688179036	39253.44874079774
3.05587721513	3.40774450751	68.48612182735
-2.35718889063	1.70059329122	78489.27320428815
0.80355207049	0.04917508850	1.03934612453
-0.07778159482	-0.29243269046	3.19508332129
-2.24708321126	4.97120548399	37931.96278296468
-0.05474947168	-1.05869911377	3.04194297571
-4.89106421350	-0.58459005223	1180409217231855.50000000000
1.82694507028	3.23892856777	1.98146832719
3.76564122567	1.13862987015	2098.06629825737
1.01745563629	-2.86083741497	1.00030474566
-3.00473824436	0.84525365053	9229619.72593955137
1.80261445527	1.99942551238	1.90444373595
3.03998006802	-1.45028381820	64.16890053070
-4.23077772297	1.23809578198	763390541465.44018554688
-2.02235148019	0.35573162681	9270.64717287229
2.22619694430	4.63206617059	4.49766757711
4.74911871315	-0.49797088014	1271733.03827593941
-3.51422006130	-2.31113254281	708161520.42445087433
-0.32866333800	3.99321756098	5.84359544474
-4.21603258108	-4.63081284271	654407371605.76611328125
1.47296191008	3.68191638449	1.25068696003
-0.61778578036	-2.20837347962	13.69773966303
4.35985794499	-4.13375353623	79909.13139243469
3.91860146505	0.88712526385	5005.20931372288
0.62835310673	-1.57111266836	1.14811493821
1.01999565683	2.91015573804	1.00039990623
2.33290177232	2.83703271542	5.90988950323
-0.73139562481	2.67008321097	20.04001068899
-3.86105667543	2.79897245764	18294604215.32872390747
-1.84038663653	-0.05817158649	3190.06395762501
2.10077647372	-3.84020515640	3.35922013749
0.30734702557	3.48783396065	1.61569974745
-0.25547846596	-4.88028061304	4.83666860261
1.49956501634	-0.80160360619	1.28346725091
-0.21785997498	1.90901873771	4.40695034570
0.16821894635	-4.41828333133	1.99742673816
-2.06259473780	-2.39823582721	11842.93217837106
4.02287495937	-3.06137043446	9300.03107001760
-1.44501329555	3.28841584827	394.68580398481
-2.20155824326	-4.39859974447	28281.84009684607
-1.00583887376	-4.75399205982	55.89022994278
-0.84318804832	-2.14946616300	29.88456664679
-2.46856906375	1.47180472678	167874.39836193647
-2.50774871435	-0.92603654847	220642.94556173569
-2.61911848990	-3.63722016560	487974.60469460289
4.02295271922	-4.85268722097	9304.40425324427
0.35132779250	-2.18445330167	1.52314249683
-3.05274754215	4.16110133035	13588883.68553368002
2.13546163786	3.18321756471	3.63014695549
-3.83551312353	-1.87959763256	14280876447.16688156128
-0.36482417133	2.52058424490	6.44139427272
3.30294614995	-4.31616140288	201.05147495596
0.24699244438	-1.27225373973	1.76300612714
0.72717416480	-0.05161484831	1.07727417251
1.47191457014	0.73294540494	1.24944988384
0.14231111861	2.03582359742	2.08679671348
2.00847622552	1.57410494316	2.76495482706
-0.98211632844	-0.64516042880	50.84517034320
3.66324419966	1.43814427058	1203.35608178413
-2.16591661148	2.50648681244	22539.57632579604
-2.45786127567	-1.42129123209	155874.20796581780
4.11474956629	-3.17318321760	16344.79636752647
-4.15414458395	3.29868928411	344447111188.60076904297
2.07515677513	4.75246366035	3.17707858669
-1.59867071755	1.07640856807	856.70145576424
1.27857719521	2.87521927568	1.08069597371
-3.50614859912	4.60494805700	658434231.14809489250
-2.46038620372	-4.75977476792	158620.95097242889
-0.27054947151	-2.06656023917	5.02434933279
-1.38577191529	-2.63452765096	296.45861544054
2.34933829151	0.49864239041	6.17626564911
2.11786656928	-0.36909237480	3.48903665045
2.95053691238	2.19434361840	44.90702523535
-4.86835082737	-2.06383071966	903720668050835.87500000000
0.56990865373	4.01465432655	1.20319265079
0.79755158622	0.89515665793	1.04183685319
-0.41396810863	-2.23089276686	7.38392848637
4.26796889248	1.88834269482	43461.06167118072
1.21213604736	-3.49409056400	1.04602964087
-2.90754887656	1.48861651820	4277752.11449737195
-0.55840527304	-3.98220191823	11.34329698010
-3.57362493114	3.23547762932	1215042643.65544557571
1.42938196207	4.76255613060	1.20245929168
0.78597926921	3.67797637297	1.04687011862
-3.00594416546	-1.77005986845	9319212.21494060010
1.81893220951	3.35891938157	1.95550791698
0.88766325733	-2.14370122234	1.01269950621
0.01239560663	1.59065140074	2.65212826838
-1.23473052261	1.95001665344	147.52837183427
4.20101781031	1.38408238162	28184.14942834974
0.23666256661	-4.19569035381	1.79083866348
3.46419413814	2.92260456470	433.65650190098
-1.00608828530	1.81827144562	55.94618286541
1.13915283906	2.52365751846	1.01955220135
-3.99563395800	-4.40699434488	68930090195.65336608887
1.84501029948	-0.03331022690	2.04223011875
-0.69570827670	-0.38165400219	17.73298668505
3.53772370148	1.35803278451	626.43284952902
-0.59921632675	2.59907796205	12.90342602912
0.79372362436	4.00913537496	1.04346816916
-1.66048138531	3.82839850010	1185.78609100356
-0.02133931054	-2.06268235027	2.83809765305
-3.93518750236	-3.74557101066	37818932857.13046264648
1.96733009159	-2.57064371793	2.54906724528
0.08602648181	-4.09906559046	2.30561532234
-0.83617972367	-3.12817887561	29.12380781384
-0.17401637744	-0.14461743474	3.96820739326
-2.79432934614	2.73927636432	1788584.68624365679
3.20842396791	2.30322788389	131.25426839543
-3.43655981796	3.86719460367	353383002.04954361916
0.22664624178	-4.56584535327	1.81861647848
4.88843983930	-1.35673236797	3685675.52346410928
-4.92752709702	0.01075703547	1816299321110091.50000000000
-1.48142149714	-2.33522632274	472.22362088439
-3.07022126805	-1.05066156712	15661267.29516268708
-2.41958044821	4.92622483691	119794.18710368182
2.98059359509	-2.69152434943	50.53928673224
-1.39980171083	3.28500726212	317.04643674648
2.33191446375	-1.61730632218	5.89436104471
2.54041113662	-3.17231978047	10.72810002651
-0.80975798173	-1.74383830750	26.44914816875
-0.35706332542	3.44033899796	6.30675240165
-0.38940746533	-0.64975794448	6.89263261841
-4.08860291717	-3.62477313159	176022849212.73980712891
2.13998085946	-4.30105317406	3.66766918161
-0.91986432196	-0.28011429229	39.88016229780
0.69237677685	0.20086593432	1.09925430725
-2.36910728676	2.47126791251	85040.58649339377
1.47642795831	0.07321959956	1.25480928822
0.60959512351	-4.12670909364	1.16464459009
-3.93074917764	-1.01411046650	36198642416.47453308105
1.20032543039	4.62255562344	1.04094637784
-2.20605959012	2.57973652520	29109.44862209166
-4.45924873102	1.56784126939	8779114876320.02832031250
2.88091555829	3.76026256410	34.39266577463
-0.92153331325	0.84055829367	40.13666573179
3.75200380423	0.83992280414	1945.98769299833
-3.97619135484	-3.11892642094	56781726819.98162078857
-0.35162448944	2.05395842042	6.21452168395
-3.83728485187	2.39766591667	14527725122.51534461975
2.32955083595	3.41119315917	5.85739769367
4.85700197650	2.50533801836	2889125.00193670765
-2.42191039468	0.59555755207	121719.04391542073
-2.22001697739	-4.79619514672	31840.97733581486
-2.53606159810	0.11188140266	269340.49141651293
1.22645460571	-0.63946071404	1.05261936224
4.89869140338	-4.92950961049	3991967.03584929183
-2.16588620287	2.38996839533	22535.23694251766
4.28635496981	-2.19565201051	49027.12462022019
1.19379109422	-4.77073234494	1.03826908806
-1.30292375186	0.03184616464	201.03073501000
4.94317221144	4.22821789608	5658147.43936538417
1.31221075920	1.23222924355	1.10238449693
-3.04074339284	-1.38630070402	12330755.74903521501
-2.46929698801	-2.27552053101	168724.34896297168
-1.61632389501	4.53292533481	939.31484723543
3.20227052641	0.69436796712	127.73981137214
3.14527145360	1.54064347743	99.70238611339
-1.59232044859	2.32053285695	828.92137559629
-2.35054613749	-3.51455498077	75068.73349537411
1.53520365691	3.95198307645	1.33168219908
3.98808269497	-2.78750150994	7544.98355762320
2.93307707569	2.75905211428	41.96294557040
1.23292024311	2.29705780039	1.05575044850
-2.18902347085	-0.21241019991	26104.70114605556
0.98483168461	-4.90773078575	1.00023010426
2.78385686464	0.29662783813	24.09839675300
4.50170941199	4.31210480679	211497.57380623909
4.96467837321	3.02332367707	6707082.41560751665
4.58725944928	-3.74796857524	387871.87943876151
3.35807584133	4.75511259218	259.95841436249
4.08996248525	3.66221027213	14014.78552503822
1.27236148382	-2.08706375175	1.07700148593
-3.98464010298	-1.50022203719	61767115998.52767181396
-2.51238691270	1.47629358780	227945.49550089118
-1.40770263203	1.59608854193	329.32067242249
0.41146829225	3.22617435328	1.41392506501
1.17186986408	4.77417907575	1.02997986157
0.04424925268	-0.61569428710	2.49293190829
1.48261180832	2.84043110823	1.26227311804
0.74601679345	-4.72404867501	1.06663354512
-0.35562766656	4.13597268723	6.28223852726
0.95175477567	-4.29248364030	1.00233031264
4.40620047255	-2.40844336064	109338.26005904416
-1.52094547999	-1.45838688944	575.45792379788
4.76109980950	-3.97027702359	1391470.66341931839
0.81149427222	-0.49968657208	1.03617330162
1.71069331659	-4.30195949859	1.65712635406
1.11282259917	-1.88873875282	1.01281029666
0.88075700752	0.22508237881	1.01432046052
-2.12697562082	0.07773511092	17640.92089626363
2.50789321950	-3.74087692093	9.71568860996
-0.42414609521	3.44116209768	7.60033329171
2.26759906273	4.16184233837	4.98686464105
-2.41179763419	4.29701900238	113591.40210106513
3.05893305451	1.10643811809	69.35271692093
-3.33992760991	4.47170018464	151329730.41472196579
-0.37781995135	-4.27275371962	6.67512424999
0.02187584584	3.39977342594	2.60316200260
-0.06770317694	2.95319800864	3.12673732918
4.72704200342	-3.97140297236	1078241.56888547307
3.66504872885	-4.77880691328	1214.98222632327
-4.99851287300	1.08736792922	4234987144876305.50000000000
-0.78226958835	-1.28573665145	23.96237484886
-2.42738478755	2.01259292824	126369.63241635213
-0.20387160842	2.49380419054	4.26016055938
4.62296400941	2.31128492645	501755.49258639984
2.66889146639	3.53210145902	16.20303753118
0.95074122144	-0.30697187012	1.00242937342
-2.33010000018	0.60153241928	65484.32049479284
-2.81824817521	3.94613827298	2145791.68787920335
-3.20553283854	-1.06757163912	47990155.59545355290
-1.59262530655	-1.38889966598	830.23266447831
0.23092650936	2.28370042010	1.80664951646
-2.82392207506	0.35259449565	2240881.86503631203
2.95104865337	-0.05234638410	44.99677622814
1.01976882161	1.24800146722	1.00039088268
-2.57679891988	2.20116150754	359867.25748863164
-2.65707639613	2.86261842839	643197.92266303161
1.69541563264	1.21490091993	1.62190746173
3.82460017100	1.14242692590	2917.16089496630
4.56681860169	1.31548494840	335103.57341098943
1.00468227905	-0.39567038022	1.00002192398
-0.91474586939	-1.52183182289	39.10505507178
1.82408086538	-0.97488393499	1.97212032821
2.06087427954	-0.76734238923	3.08161631518
-4.32139719618	4.06029740100	1986247149153.96484375000
-4.62896676445	4.83837357565	57641668598477.62500000000
1.55835873790	3.89988522499	1.36583297442
0.73218831604	-4.45052027931	1.07435781112
0.06121833460	-1.89088457559	2.41406250556
-2.38077173675	-1.49780176532	92006.77880911014
3.49763801770	-2.48215194632	511.93397797925
4.19220901165	2.74764728451	26640.77921511645
-4.08553451025	1.34428294345	170612587840.06408691406
-2.22777409075	-3.93419033812	33474.04297578632
4.32926562524	-0.37124904222	65121.47190564200
-4.67793187521	-2.51572289187	100272277768983.34375000000
-2.75545760722	-2.80803588679	1333692.32731650793
-1.18426952023	3.03756660368	118.04115525302
0.75408667394	-3.85782435981	1.06233930065
-2.70489838319	-1.95964944865	914627.38311470184
-2.08197497121	-2.59347309972	13340.63238017731
-1.96693416430	-1.31487499658	6652.16959485219
0.19347667338	2.61401527442	1.91646027241
-4.57212958858	4.39538378651	30496350966737.15625000000
-3.14947272790	2.94760652990	30042509.48817888647
-2.93775528425	-4.68239433147	5421682.11542947497
0.32454491209	-3.92411979184	1.57812838082
-1.55456978117	-2.59991132560	682.54384507663
-4.14293008299	-0.93036150114	306882212580.40332031250
1.82943358628	1.71086136763	1.98965264660
-2.03416145502	-1.05584488159	9958.04190256927
-2.77846124369	-4.38513814709	1586069.29210343934
-2.41317237686	4.10535684540	114662.19779235515
-1.29514414171	-3.20189324632	193.96672645216
-4.06251174051	-2.66303552643	135065424354.51582336426
2.71715971101	0.49784555490	19.07993907922
1.94055143761	4.07177250210	2.42210502422
-3.60474349789	3.61583542593	1616715859.60321855545
-2.83026448263	-3.02409432664	2352351.45952705387
4.59889079776	-3.98676097306	421685.46614995279
-1.72177648269	3.76023859962	1649.23565756629
-4.22877492397	-4.93329893809	747565082651.12841796875
-0.70342625972	-4.95383356979	18.20435811544
0.86709839464	-4.69110589754	1.01781974707
-0.99573108748	-3.47228914968	53.67474395789
1.47746660440	3.08737352577	1.25605311770
0.76778393482	3.18119612430	1.05540470598
4.45269543750	-1.23638356455	150407.83509153468
-4.89764585684	4.96178667647	1275642862907434.00000000000
-4.88683927464	0.21112722215	1123108458716917.62500000000
3.95265249526	0.47396528057	6112.90113959782
-3.23195307139	1.76839595475	59974306.20012595505
1.80042269044	-1.74582865790	1.89776425113
2.12936472608	0.61593954026	3.58036476370
3.26009078877	-4.87199971522	165.34106043476
-3.88115980575	4.23070351028	22252518924.63171005249
1.56418836425	1.74833491821	1.37480033594
3.11967520367	1.16878480838	89.39126487423
4.32114769024	2.45337402783	61698.93694991897
0.38212466919	1.38661182147	1.46487501439
3.16361173685	-0.70074101070	107.90117348105
-2.75144170177	-1.54978929591	1294085.52039221674
-3.23309987608	-0.50153957390	60559357.68994973600
1.20013765206	-1.33471639319	1.04086810339
-1.14397356697	-2.56126574499	99.14888961744
3.96232796281	-2.83799543616	6472.94822063875
0.77351705574	-1.96809395789	1.05263287332
-1.58538132893	1.62831745842	799.66797957235
-2.39625885624	2.19976596923	102188.47880687720
-3.60092558826	3.76779989843	1560881041.05007219315
-4.18328230108	0.95237210347	465517446821.12255859375
2.72795177952	4.25244032096	19.80268139122
-3.37846490307	1.24518801325	211758050.03018748760
1.70334337268	4.93008474348	1.63999287923
0.70520326209	3.57615872207	1.09079317674
1.03324634056	3.02291620551	1.00110593025
4.99460181304	3.51483015338	8510775.67233940400
-1.21070574204	-1.02240644154	132.58446020753
-3.91949978584	-2.43974870462	32401745861.93863677979
-0.94433377723	-3.20307735805	43.83505489189
3.71699547977	-1.49876132467	1606.90369758706
-2.87100725642	-1.78931282155	3219373.00377823040
-4.15855539044	4.95009443418	360476900815.14709472656
-4.65335139689	2.99653089554	75895766142601.07812500000
2.66552148009	2.49216277591	16.02198434389
-2.55614534196	-3.55543039894	310571.58246806584
-0.57310626793	3.68779382388	11.87770757432
-4.56520862499	-4.58125821114	28233971716547.26171875000
4.24047051453	4.80123840375	36339.08473675159
1.30561193147	-1.98759207861	1.09789932852
1.18979731262	4.48185964668	1.03667971046
-0.28733722864	1.98229622822	5.24480016084
-0.54056582753	3.97328246451	10.73321424829
-0.40067042515	-0.54968685700	7.11266956708
-1.13844224617	-3.49818602970	96.82790622796
-1.12305398427	-0.24886023850	90.68194007079
0.49931590525	3.96081477744	1.28490471357
-4.19763250235	-1.92465784968	540296353892.69958496094
2.07972710467	-3.35353018850	3.20852272380
2.39641259907	-0.30094505221	7.02846369821
-0.25300050517	1.99249053642	4.80669753888
-2.68611004347	-0.17854380814	796042.02014119702
-2.76884436738	-4.92977738902	1475028.49394883332
-1.48560439637	2.22690016128	482.13743836800
-1.64425747585	-0.86785698827	1088.00127422684
-0.77545583473	-3.97559276440	23.38847596868
2.53922538893	4.36427779504	10.68899596624
2.55678834289	-0.34418343512	11.28630387985
4.84574155746	-1.76500811927	2649093.66640359722
4.30533459910	-0.82389165172	55561.00092942602
0.51953127156	4.70665398247	1.25967052542
0.96938193207	2.24697912343	1.00093790564
3.55366025247	-4.03129237274	679.38004586481
3.30150988460	-4.48458782196	199.72626396844
4.16526497655	-1.10329984588	22446.77817579024
-0.54208088362	4.25032003240	10.78345970782
-2.67617702552	-3.74044045049	739905.32879198552
0.75228053290	2.72304267191	1.06328687333
-2.88209474388	2.15988668227	3508361.23035767628
2.37006911525	4.22441521987	6.53445783628
-3.55709002836	3.43947864071	1044777234.11378085613
-1.17531595139	-2.27459874775	113.52232213577
-1.77176251713	3.47215523598	2170.40149764674
3.05512650305	-0.03982695998	68.27508713186
3.72359476190	-3.78930592563	1665.64618641323
-0.33381549719	2.70726390107	5.92430736960
-2.48997083997	0.08032543850	194832.68894533938
-0.85023442962	-1.50931280074	30.67252935005
1.14799315423	-3.54822826453	1.02214358260
3.38605338775	-4.57008342919	296.85706763163
-3.68136316756	-0.62025753690	3293317020.14075040817
-3.58988626692	2.09996965019	1410282595.00009512901
1.72036960167	-4.49326230737	1.68023281306
1.03528815573	3.34308146668	1.00124602959
-3.32944629772	1.80047746705	138185182.37088853121
1.61590448425	1.49681044351	1.46131736505
4.99893303877	2.07368393557	8810594.26064737886
3.33367084153	4.93801593199	231.83353593565
-4.66801931852	3.51355281103	89605963908082.67187500000
-2.96491688083	1.85488604464	6719779.31496678758
2.73723320173	3.27237577586	20.44992463608
-0.84590588841	2.45173161117	30.18570744310
-4.44154906857	1.37319260461	7238653075240.56933593750
-4.98915259157	-4.44038558236	3785478769776227.50000000000
3.32791732054	0.66899921706	225.69827734193
3.06764490359	-2.37659997925	71.89131375332
-4.46214584610	-0.41533028859	9061331991194.37109375000
-2.97253433176	-2.05551493611	7138612.70950395893
2.29074539247	4.16480798978	5.29108679563
1.00354938648	3.03554887520	1.00001259822
1.70270737992	1.98251354360	1.63852699063
-3.16229543556	-4.14881529283	33421277.06094913185
0.28704974412	-3.35029496176	1.66245939196
4.37236820830	-1.88028666401	86930.76987722368
-3.49438199179	3.95629023707	592267819.37949991226
-0.68170385461	2.03070582926	16.91376613610
-2.83322941067	1.44443434285	2406412.75898410054
4.19821911907	-2.49647526253	27683.87890035444
2.51919666592	-3.91921686046	10.05387879452
-1.07806292628	-2.67574895570	75.06433347924
0.21342936834	3.43265960014	1.85650067569
-4.50765268794	1.41424054567	14927677125594.50000000000
0.28883406450	3.88313509959	1.65824031317
4.50883990953	-0.25714176925	222338.77489255366
-4.15460945692	3.99247285591	346101753277.52471923828
-4.15242748337	0.96689025704	338404909106.24804687500
-1.48967802724	-4.75768167228	492.00883778748
-1.16948814727	-2.04837656939	110.68394760803
0.80038436427	4.06650708637	1.04065092005
0.61774676492	0.51030358994	1.15733220794
-0.07793377204	4.24503178865	3.19613164276
-1.61636177733	2.78739476296	939.50106257228
0.11853705406	-3.10117725341	2.17488746957
-2.34530446806	-4.04832072969	72479.71321749708
3.24203699021	1.90856326896	152.43371799286
-1.29524105227	-2.44952522353	194.05303306666
4.86727632683	-0.58543729922	3127755.42312705237
-1.06040127568	1.80445874164	69.77343966735
1.70234208196	-0.87843798221	1.63768621328
-1.36721099710	-3.62105645278	271.42555551352
0.91882015403	3.32267941436	1.00661193033
4.56526962854	3.90039298268	331421.91959427367
4.14072527764	1.85286021991	19228.62377804043
-0.43483713641	2.83646343845	7.83622809306
-3.43954723053	-2.00262814986	362878858.03731727600
4.67096708633	-1.74246471789	712118.31470305414
-3.78533041695	1.53442234783	8812061097.86178588867
-4.15753661908	-3.24664782912	356708221245.03344726562
-0.11714293269	-2.54430575064	3.48339827136
2.16525372305	-2.12145098167	3.88769423045
1.90794924241	2.53839670273	2.28044779911
1.77451625866	-4.40323523482	1.82189184216
1.49229389806	-2.99760618662	1.27424428096
-3.46118059739	-0.16995606571	439932701.70482397079
1.74038901422	0.96720322668	1.73009425967
1.69802999265	4.30772933558	1.62782679500
-4.71335200231	-0.98696048517	150110244341941.71875000000
-2.10571942307	1.57809933182	15451.99089949138
-4.09465739542	3.82136307975	187216956539.26361083984
-3.43331426930	3.40743013960	343354984.55537289381
-1.07117132955	-4.81287099064	72.94827850114
4.91142556429	-2.00956712197	4409403.35649842117
-2.60580770845	-2.98197338454	443232.27318502148
-1.32474279416	-1.20717897749	222.38921310763
-3.89695212766	0.99213853474	25968241317.80200958252
1.05942798647	-4.06673524429	1.00353792933
-1.08722624796	-4.51130521896	77.98475900092
-4.99451521568	4.85349697474	4036735319758922.50000000000
-0.52301237344	0.60702227250	10.17126603631
3.14057140351	3.13984382908	97.71410640650
-4.57197632989	4.20417414057	30444309754550.28515625000
-0.15786049238	0.32583079519	3.82149199058
-0.30015525841	1.78067226145	5.42166896930
4.52822734828	-1.27097610453	254839.24693523819
1.25725293741	4.04724272933	1.06841802572
-4.80812288570	0.64114515742	447318263195921.43750000000
4.96350052197	-2.77457354757	6644741.76390072145
0.81231561318	-0.70194036808	1.03585319389
-3.47768839427	1.95737022184	509883770.20463520288
-1.36400980534	-4.39606446022	267.34564178448
4.26933845577	-3.18262951122	43851.92683716347
0.33049933205	2.72843407510	1.56554051975
0.98682722039	-4.65043027603	1.00017353718
-0.65028301116	1.16403543686	15.23254133762
-3.17753214110	-2.62128706815	37949799.93297543377
-3.79195465588	2.55196246864	9389232810.74344825745
1.31294471173	3.09378076393	1.10289042496
0.51823123817	3.65696704829	1.26124728477
3.51095237490	0.91689702105	547.23691683172
-4.69188603981	-3.56592774564	117512601449157.84375000000
-1.60830767855	-1.74931097606	900.78710837921
2.59701136695	2.53691613184	12.81280813511
-1.57543624722	-1.55655258443	759.66068271914
-2.81415518913	1.78086457086	2079794.82873056713
0.38615457961	4.48942822236	1.45762179509
-1.29322110817	4.59738260143	192.26277401220
2.51402323711	-2.67588815591	9.89734324968
-0.93634566561	0.27629125425	42.49704468649
-0.45409077399	1.14961060993	8.28444764204
1.68722819773	-4.29010249971	1.60365050452
-4.99322056298	-3.93466638183	3974569027964218.00000000000
3.29891196194	0.38883905602	197.35343523303
2.61276633929	0.94299320214	13.47741424027
-0.14973213150	-2.78394890821	3.75048053415
4.89909072723	1.02282226461	4004416.75705484347
-3.52591769364	-1.14448833080	787151247.01646423340
1.40864490223	4.67661301904	1.18174322318
0.72961686871	0.51444362595	1.07584568678
0.41671464682	4.08652977407	1.40525924704
-3.65088972450	1.34227879633	2478142759.90526962280
-4.00042885344	1.62988641295	72314371209.74890136719
3.63741060069	-1.50918683783	1049.35889098524
-2.42520552343	-2.89138167382	124496.49946099664
4.58256574590	-3.20208347433	375036.00876256538
2.98983122962	3.71386894258	52.42734583956
-2.18164214663	2.65097247169	24905.56992561199
-1.92081263750	3.66324958078	5070.25536617893
4.95844506053	-2.52993813356	6383884.31730971951
-2.51665597030	-0.79122200555	234889.20489984323
-1.66550576385	2.88124876391	1217.94583535284
0.76689885227	-0.79409305365	1.05583945774
-1.83654572599	-0.39545054189	3121.25878339666
4.86679073619	0.81749698186	3116030.88441048050
-3.49426479125	-3.43886967919	591644208.99582433701
4.32621294712	0.96312763396	63811.74667869962
2.31188687587	-4.04615021737	5.59037950637
2.44064281948	3.66267659511	7.96814512283
-0.85210960806	-1.65373566573	30.88621600120
-3.07248543004	0.44732603308	15952682.86738388613
1.06169437368	-4.90323473503	1.00381344851
0.68674163994	4.37822883536	1.10310706224
3.95576987414	-4.15585382222	6226.53669093100
-0.42999930512	3.90505395271	7.72837030172
4.94717376495	0.10639023279	5839645.96579179633
2.94227942838	0.91560587549	43.48644924280
-4.96125434991	-2.57395906637	2712245879355733.50000000000
-2.44152227295	-3.90516483948	139256.87876413084
1.86059317910	4.43051120704	2.09723669754
-1.77951146221	1.98181323979	2265.80179483077
-2.00082440896	2.26885338720	8143.27028642385
3.82571813817	3.00284726432	2935.64654632774
2.00874363008	-0.46732940845	2.76644668416
-3.16603807439	-3.69793585036	34479421.89594030380
-0.13565723401	-4.78587180129	3.63175990517
2.25502917067	0.80341106180	4.83121611320
3.29031512163	-1.06065168599	189.71887218244
-0.27084693726	2.99714490673	5.02814906839
2.90325437741	3.77858937780	37.42643321186
0.10041416049	1.56085845292	2.24623320606
-3.20341573124	2.75756797418	47143363.75581386685
-2.27961378224	-2.81882268761	46904.39033813380
-4.78966513411	2.82022005087	361116726882961.37500000000
2.03886415953	-3.79156687625	2.94243874312
-1.38908926209	-2.97164091234	301.19186961147
-2.64593136978	-0.55955821123	592920.46932071401
0.00722551040	0.75373636047	2.67942223469
-4.93639859163	2.79595318853	2017888855285442.50000000000
3.84474895756	-4.32790035556	3270.16797655095
-1.26424988755	4.54563072343	168.48176987509
-0.24971002605	0.42595613963	4.76727636521
2.50799418075	-1.86875446660	9.71864736855
2.56955977859	-0.09549817410	11.74606039172
3.23424049037	-1.22928279330	147.20564706948
-3.89463756303	-3.91623610532	25386334984.65260696411
-2.36459698235	-0.76577398160	82496.64077568319
2.38214636311	-3.31514384118	6.75530801914
2.81663962087	2.88323928774	27.11750640478
4.35056721135	-4.91088328769	75079.33532626793
2.04952224056	1.84325192673	3.00866642803
4.77067180898	2.11175174278	1495492.12472934765
-3.42692408769	-3.92865616755	324454827.58085459471
-0.53207393699	-1.72133738463	10.45677975476
-2.97265686346	4.31817173979	7145565.80257094186
1.58372346048	-2.24948981551	1.40597790478
0.03767241027	-4.24531325752	2.52457918632
-4.00957348916	1.47944280456	79246298605.95521545410
-3.13325119851	-1.34935679325	26265463.78029460460
0.04566093813	0.01815215169	2.48621890670
-1.90171895804	-1.05869538819	4536.78055880179
0.74928286190	-0.99935734157	1.06487676977
-0.23256616181	0.04983457288	4.56865724946
-3.87389075977	4.84875342908	20729240773.61230087280
-3.55519926069	0.39116070611	1026930717.55655384064
-0.36413257851	1.59660180910	6.42924872094
-3.69545581604	0.96127290835	3758573448.74601793289
1.16996231224	-1.31665795025	1.02930846915
-2.77595509737	-1.93600585063	1556323.54725992586
3.52723661004	-3.52191620674	594.02706550238
-4.13490781139	0.74023889023	282594326651.91345214844
-0.78624488850	4.46349831732	24.30472562709
-2.45429542845	2.18728324228	152079.22893650606
-0.44120738799	-4.04267963376	7.98111986189
-0.04104899349	-3.78425788096	2.95584039144
1.37751746450	-4.42865564966	1.15317549387
-1.60738581848	0.92451161205	896.46639385169
3.62750898920	-1.98771524956	996.05600738350
-4.62494047861	-0.93806962019	55088130304982.02343750000
-1.00162550544	-2.92151871475	54.95445020545
2.35011052996	1.74934906995	6.18915423404
2.78973188598	-0.87759044525	24.60968891371
-0.20306489779	3.97011599989	4.25189662584
-1.98524668108	1.03547387364	7418.24471511206
-3.93187908387	2.89656610832	36604290523.87824249268
-2.83924122244	4.78666951332	2520009.33561841771
-0.98590817205	3.56610563895	51.61597759296
-1.19410666641	-1.44178885869	123.23635089752
1.98291224753	-0.18856998282	2.62771983264
-3.45679921048	1.70272972380	423074651.51841461658
-0.50351163975	3.93603235175	9.58833495577
0.01793804872	0.39480053167	2.62333307727
1.87026369336	3.21498407719	2.13263626172
-0.62949664432	-3.11995252205	14.22867527352
4.37692549873	0.95977306096	89646.17605426502
4.90975096283	3.61024633920	4352028.39170162566
4.19145257647	-2.39437679615	26512.44562242220
-4.62457255860	1.72058870086	54860596084859.24218750000
2.72991242755	3.26251618746	19.93739286523
-0.11786107481	1.63148731722	3.48899379087
-1.68039372588	-4.50381603472	1318.84354029945
-4.74877851656	-1.95923821579	225300105683418.87500000000
1.74240311771	1.99736628575	1.73526890382
1.58413285730	-3.81389523804	1.40665028696
-3.88418929654	-3.49203679067	22920672842.03045654297
-0.41821833174	2.87811167715	7.47334908336
4.35836566189	-0.47377317888	79112.00553705312
-1.18026133876	-3.69942184048	115.99412059278
-0.50355807390	2.02897824152	9.58967387543
2.32866397087	1.67903856476	5.84360527214
-1.09540606033	4.06167025535	80.69903018563
3.96732590423	-4.47676783473	6667.65179325663
-3.72354784378	4.64797972589	4897076505.55732631683
0.98663183273	4.09010885262	1.00017872387
3.77420845073	-3.52378857879	2200.04375566342
3.68286677839	1.59199766161	1336.45270877500
3.57886909609	-0.58108562367	773.22170204226
4.25215772353	-3.87101998634	39203.83523834935
3.78280845446	1.11357921551	2307.73751823463
0.61473989571	-2.28048035999	1.16000619771
0.08632746476	-1.09434292332	2.30434737449
-3.38605695258	-0.60337244181	226327945.40132287145
-2.03638702889	-0.79590867947	10093.49250992944
-2.24327868011	-1.64624238549	37006.78661664601
0.79247527241	2.98413033296	1.04400733214
2.10463400839	-1.19530462264	3.38792043610
3.68872413901	-4.65248430177	1379.17047964624
-4.71956482461	2.73386767873	161160484556839.00000000000
4.57444005409	3.87184599373	353847.63869656285
-3.90888385044	-1.74979632628	29191419697.59476089478
-2.05004995166	-1.19914042577	10968.74021529633
1.70625243594	1.61824775674	1.64673164664
3.53127151465	-4.88624973546	606.27609272266
1.24078581726	-0.82387235974	1.05969148067
-1.50320862226	-1.62062970258	526.39580278270
-3.78148467335	-2.80234292778	8493743592.19917964935
1.79432320335	-3.85760022559	1.87939393784
-0.90986582562	-4.40926761317	38.38195671244
-1.64350670686	-3.95025081074	1083.69059165123
-1.22355838621	2.28608082594	140.36018895111
-1.10990888378	-3.27135113440	85.77396290960
3.43903464879	0.39243588059	383.32761608038
4.49478956119	-3.73214895397	201501.89745499409
3.45372412489	1.03112818149	411.89237153186
0.32069619468	2.86725045113	1.58637836434
0.01105754451	4.97684068966	2.65915174815
4.19783887679	-3.25643439798	27616.63208324627
-2.22788965796	1.63905615522	33499.02603962763
-0.25916674632	3.92051136999	4.88173600353
-3.73084062039	1.55214580267	5246636153.75189399719
2.81927471992	4.59077718596	27.37856769833
-0.97916275253	-2.67544131408	50.25375150692
-3.48542686944	1.56196146727	546505101.90504324436
0.81080084820	-1.39329727624	1.03644472094
2.48456461641	-1.95745684823	9.06057061896
0.79611935813	3.10545779462	1.04244333274
-0.60478935465	-3.36516870319	13.13589911714
1.44193372397	3.04010887508	1.21568221907
4.95143821941	4.54644632549	6039694.57654453162
3.62774529830	2.20803777523	997.29374228673
4.88684713056	4.68375068784	3640314.42478966387
-2.17455503529	4.10719973027	23808.54126853500
1.01294560862	4.75158233371	1.00016760283
0.72197313092	-3.00022335228	1.08036499236
3.74359440072	3.88183314193	1858.10092240030
1.62127880686	3.74202279913	1.47106607031
-1.77756531349	4.08119917412	2241.42940984671
-4.61545860813	1.26435512924	49518892513071.16406250000
-4.03549210505	-0.64156051977	102813318612.26365661621
-3.65278283637	-2.95374590369	2522176667.04529237747
0.50245609163	-0.36089901032	1.28088332906
0.19902287631	1.33325657002	1.89944996600
0.35856576689	-0.83323395852	1.50898595975
-3.88189728542	-0.12563515036	22413316491.64144515991
-2.71204221002	1.50234958676	964396.08809233690
0.32500814089	-2.32019394095	1.57714146621
-2.89010745514	-0.70463344238	3733796.16441298602
-3.81049814806	-2.50738259337	11219199991.69578552246
1.75027657360	0.79482115981	1.75578304500
-4.30655734358	-4.65914737471	1696436245877.73217773438
3.03048208042	-2.12162231625	61.73539806070
-1.16759202817	4.56522612334	109.77745724657
-3.92571318649	3.95330579015	34445713348.08958435059
3.77731538749	2.36032879486	2238.31977195542
1.31587022182	0.41083873064	1.10492117439
4.26814346206	4.94336913130	43510.67932238757
-1.00196533536	1.66146363363	55.02926881551
-3.37362034594	0.02763266640	202967196.51057696342
2.59699260279	-4.36612819668	12.81204025044
3.79519186420	-4.06718194413	2472.77815758772
3.36283294747	-2.43023192653	265.86257439220
0.39718743221	-2.68206667554	1.43818656756
2.52867495284	-0.46821770988	10.34855722482
-2.98635578868	-2.86637012770	7968704.36778463237
-2.51921052337	3.06316748190	239149.15310205382
4.72623255671	2.84319906635	1071756.08996032528
4.09859201451	1.73015782120	14783.58130131089
2.48630710866	-1.44601005542	9.10759627905
-4.54893438547	4.12220089315	23562387680468.15625000000
1.26817250051	0.22117668961	1.07456560337
4.26221455976	-4.42797699715	41858.23513275424
-4.00613428234	-1.17397586750	76563052407.59123229980
2.44984341156	-2.40632921052	8.18289432948
1.77092140753	-1.18997866246	1.81179817068
3.16799906790	4.21725393260	109.97135892000
1.66822100046	0.03318443861	1.56286285904
-1.41042503248	-0.48257265487	333.66878431355
-2.57048898494	1.75435853009	343998.16139739746
3.35411990809	-3.63443163075	255.15738265719
2.00238089061	4.51821871422	2.73127204126
4.25641668292	-1.16800196540	40305.75786664568
-3.61469826127	-2.26514965796	1772115810.03399157524
1.40269304291	2.72713560960	1.17605037779
-1.32424021998	0.68661059359	221.87021641609
-3.22360543063	4.16991224542	55887026.86354155838
0.79545115957	0.26514961631	1.04272786685
-2.20239434846	4.32598511755	28433.67789652814
2.31198066588	-1.08371709491	5.59175542636
3.60334455357	0.56030035913	877.78603199551
1.69117512538	-4.59047939013	1.61239887404
-3.52079859306	-3.54985369110	751528671.65158128738
1.27485511023	0.54219495652	1.07847211550
2.25377345490	-2.10547369511	4.81602007417
3.35566090269	-0.93282146530	257.01598681048
-0.23178322603	-1.95736120631	4.55985085575
-4.17086668021	-3.65033542928	409360582562.51470947266
3.32125251322	0.62104334280	218.81206924646
4.71535767036	3.39271524006	988439.40393271786
1.47392143957	-3.58022909912	1.25182380368
-4.29205075966	4.53944848623	1454671536305.66601562500
3.46030446199	1.96561367995	425.42898899351
3.01684002528	-0.85495422311	58.41914652579
3.14048254939	3.10953358797	97.67694407274
-4.04481378726	-0.04199396002	112942666203.70677185059
-2.18934865893	2.69949204404	26158.90294217933
0.49423111480	-4.68553359003	1.29149719962
-3.60462108328	3.18914033718	1614894264.56950974464
3.38364526451	-0.16894577822	293.46686800062
4.89421749746	-2.13720173999	3855186.40360490885
-1.91092660025	-4.28848228108	4786.20773415085
-0.12740587311	-3.11979635233	3.56457204339
-3.69591624157	4.64958365856	3774860811.55708885193
2.05695442481	4.54266834602	3.05613992162
-3.55985048547	2.92748219459	1071404723.19823253155
-3.22937740680	3.88905638724	58681392.95767850429
-3.58527031813	-2.55980562414	1351801373.03217959404
0.61639954222	-3.53465272745	1.15852693117
2.74532434630	-2.20597221722	21.03435542935
2.27981996416	-0.68203878424	5.14455637285
3.54342789391	2.87806285288	644.85497819482
4.36584665769	4.42548638391	83193.43546630624
-4.71695043683	2.32397191934	156413193388906.59375000000
2.37327059723	3.40590706586	6.59210112608
0.62865326543	2.49908500357	1.14785891876
2.47793264065	1.33505379984	8.88429303706
-0.01278600427	-2.92930538269	2.78914609665
4.01944059077	3.30818421045	9109.02975390835
4.62138842692	-1.09761989146	496060.97848949296
2.77101297900	1.34855643264	23.02284472235
0.21476627867	0.30590244041	1.85260359271
-4.06077005302	2.94067890432	132704876980.60437011719
4.88953957953	4.22529929984	3717337.11539110402
3.15890227581	2.35065048964	105.72686639668
2.20324085066	-0.39629688746	4.25369724476
-0.58189649862	4.21128691496	12.21172471370
-1.54225640957	0.93520645495	641.02448351201
-1.47007408707	1.90317220178	446.42258151440
4.35469118115	3.84524097942	77184.42144388784
-0.48296084174	-3.89792189654	9.01755161932
-2.25483968051	2.45234610197	39894.00519278913
1.56396708462	-2.11641937874	1.37445717662
1.80286798063	-4.53667955209	1.90521906044
2.81078317012	-1.51389952308	26.54750286402
-1.41474675710	1.27702621802	340.69985563510
-0.37172858696	-1.63365724010	6.56425694000
-1.47765348270	-3.49826536840	463.48164359886
-0.94857280501	2.52957489341	44.56442862832
-4.04758367367	4.35675798374	116144500030.71716308594
-3.70985311438	-1.56329141350	4303594148.80031108856
1.00723707119	-1.31985546807	1.00005237657
-0.89085101370	4.56623709096	35.70595765664
4.86927087897	-3.97656695577	3176393.95480907662
1.83531984862	3.38308902454	2.00924544181
-0.27685275539	-2.47944435117	5.10567649469
2.01844748129	-4.05611194983	2.82140580220
1.70704119307	0.09756130216	1.64856835674
0.34294791084	2.39432314157	1.53989995166
4.87611204442	-4.66897237318	3349241.90404883772
-1.77062700274	-3.56690504543	2156.78504820751
-4.78974288131	-4.09976024622	361441974559529.81250000000
2.98370262986	2.61510728407	51.16604475784
-1.78784582045	-3.01037861772	2373.41308551835
4.69321341072	-2.70883581641	838881.97082100064
3.96636474871	-4.62960994442	6629.73307649707
4.43785551222	0.04841564716	135788.05403748626
4.30750119963	4.08414128290	56362.77408042616
2.24833532662	3.12559783896	4.75093332246
1.98386024536	0.91137241387	2.63262377615
1.69103878036	4.41097666522	1.61209503322
4.27646816039	4.66545548408	45946.98937344256
-3.74278130543	-4.89882012953	5875015358.07163524628
4.87973390708	1.51676433816	3444658.02250705799
1.95335919487	-1.85102056427	2.48157578220
-3.00827651541	-3.24658293959	9495044.83304830082
3.13887154627	-0.67658943859	97.00586993353
0.41300108126	-4.51167073771	1.41137969154
-1.21293154250	-2.86673107620	133.89635249493
-2.57471639230	-2.18042744903	354547.38577664614
1.50673366367	1.63425937186	1.29275940299
3.21218522018	-1.13905883439	133.45488069105
-2.46766729843	-0.67430578260	166827.64500047517
-2.66875970835	3.86327263849	700673.85263008729
3.91776081262	-3.18683572464	4980.71213933901
4.37266685147	1.62357197728	87106.05611472028
-4.54605862507	0.41775226055	22822460409227.87500000000
2.95712993606	4.44705764714	46.07901252651
-1.05230910350	-2.35937090429	67.48954225335
-2.89756579992	-3.45989885349	3957088.81316174148
-1.56650675678	-0.01424688211	725.56954994398
-4.32177011128	-4.04841772682	1994146224986.30297851562
-3.54940421435	-4.07444537762	974152778.02045226097
1.24103792867	3.76690250005	1.05982021268
-0.21437041594	-1.83509393482	4.36970502619
-3.72425232206	-4.79979138373	4929779030.15275096893
-1.98788799664	-1.19135069162	7536.20998763789
-3.76052242006	-4.22390912121	6953936310.85301303864
1.44162949590	-0.09273428638	1.21535548185
3.53154356565	-3.08366036270	607.11171873929
-0.69947670647	-0.00849517338	17.96132932165
3.60525520693	4.26419874528	886.56522018201
1.65794737652	3.87809561068	1.54171394719
-4.82465489707	4.56570225995	542172140842357.62500000000
4.41248422274	-1.77754913741	114124.88045708273
4.32349497073	-3.94583920639	62668.78905318415
-4.78027860898	-0.62787266502	323953401044434.43750000000
0.78255161676	4.21941367987	1.04841950766
3.60503886232	4.12651743969	885.56643002194
2.06544560977	1.10480893806	3.11171601513
-3.08159662614	3.71809545013	17182998.92718262225
-0.08121337096	-4.86470694777	3.21884420813
3.43110401952	-4.39567126039	368.80452226792
-4.68387035160	-0.82811831596	107271291239233.87500000000
-3.38064747821	-3.42311767224	215845261.79726418853
-3.06313185400	3.70001631180	14783769.22559813969
-2.88451179719	1.29454379783	3574843.30535100913
3.15474126895	3.79333752752	103.84609383634
2.41189496167	-4.90639093754	7.34079672802
1.30091193014	1.49939697480	1.09477404426
-1.95976716714	-2.87174065054	6375.52477119073
1.27795350368	0.38212901000	1.08032092547
-1.86904773755	2.69678982371	3757.22119909706
-4.64275622522	-0.17551472853	67334767048301.46875000000
-0.94574692126	-0.75642771008	44.07669045397
4.62189121859	-1.80628197193	497870.85712256253
-2.09206691779	-3.90792363690	14198.30434475208
1.30273557878	3.17624596930	1.09597987996
-0.39556914861	-2.49672347134	7.01193185411
2.64681784871	-0.47237852071	15.05950008349
-2.52694341099	-4.60625885614	252541.23575680068
-1.93703480799	-1.65530869742	5575.70175279806
2.02748899653	0.93616163536	2.87408291705
-1.96800439878	-3.68201947196	6694.55716065062
0.64136290213	0.11019018116	1.13725852997
-0.83154212039	3.66567539505	28.63261746403
-0.21168909596	-4.95388724961	4.34137216530
1.67888260607	-1.84962341303	1.58547110902
-1.81096804107	-0.06586313232	2701.44293044727
4.35049343346	-2.11281939822	75042.22601947324
2.03240841675	4.83633213272	2.90335550555
-0.86908321040	3.35882403891	32.89997991833
-2.50849140031	4.11433507128	221795.68650400976
2.19640918509	3.48338267600	4.18453228635
3.70823515714	4.06160114367	1532.31917346320
-3.02134626421	4.49280218747	10545668.62480441481
-2.28247617069	-0.52388837885	47793.73348187066
4.65340241084	-4.50254155376	626152.46548692381
-3.15384460022	-3.17062618983	31153120.12599609420
4.41409600586	-0.48748903695	115387.52641860741
-1.95228109277	1.32642312243	6099.50958310322
3.47319051489	2.60508644277	453.35311400890
4.76660998290	4.08484416992	1450401.19635535916
-2.28776408217	0.36406176177	49483.40599923257
-3.48097022994	4.09253999446	525097334.09127986431
-4.33953945101	-1.91798346532	2410081183324.96142578125
1.57803463584	-2.00927521862	1.39671638186
-1.55311251028	2.33762413859	677.48234282301
4.22656098246	0.67948381157	33212.97107189787
-2.60526450446	-3.11638988626	441499.49143460381
2.57067282533	0.94466305486	11.78718735560
1.61218884216	-4.10215938113	1.45466433799
0.03276971995	-2.14978013438	2.54857508972
-1.96869300071	1.30357076431	6721.98066895767
-4.23814400152	3.44454811110	824590371534.82690429688
0.96915832747	-4.82124391974	1.00095166131
-2.16567360932	-2.85287164442	22504.92382072640
-3.00161125793	3.23932162922	9001417.83058265597
3.56465460242	-4.42521330588	718.70661582146
0.04213661859	-0.77399432523	2.50303064941
4.76688721223	-0.85694910780	1453433.53400456207
-2.80105417604	4.76010490119	1882314.79094989877
4.32921587882	-2.62132674975	65099.90492899346
4.87939547842	-0.11202325132	3435624.52041465510
-2.08840940624	0.44890922355	13880.94979215549
-0.57562076440	2.08061386454	11.97212215358
-3.86564292430	-2.67116229886	19129185966.09463882446
3.82149365667	-3.11512776985	2866.44095728892
1.40618711354	4.02237793233	1.17937893212
-3.98549851106	0.09318877712	62298015218.18727111816
-4.41358508698	-3.36734435471	5343508063626.57714843750
-2.28021453670	1.01646954567	47089.59801906897
1.17568458809	-0.65862650533	1.03134633957
1.35376641929	-1.21210283610	1.13331920808
-3.00539905883	-3.81577791206	9278603.61075606942
4.92136809121	3.87099836213	4766523.19300383236
-3.68507441696	-4.40081182368	3409809605.31995725632
4.36677901823	-2.51604654762	83717.30266928251
-4.02506013300	4.24194363191	92569850802.02647399902
-0.20975644999	1.88675067537	4.32110289002
-3.40878143757	-2.94086312849	276398373.22297072411
2.98296232402	3.79595271967	51.01601374771
4.83661621346	1.78320404241	2469741.30771871237
1.94374135056	0.42317351879	2.43670748523
1.47273174830	4.08961435330	1.25041476196
-1.24052979336	-4.27140160294	151.40733004842
-4.84482170153	2.41413754382	686028798215732.25000000000
2.38031469471	4.14578572881	6.72121308229
-0.49189334206	-3.45481474518	9.26038610765
-0.37737387482	-2.56424922716	6.66692537937
2.70377805502	0.13446520556	18.22619164189
-2.95120708233	4.08271162616	6028672.57370567601
4.07751516415	-4.10665119894	12979.15107469303
0.91037405766	-3.46068505367	1.00806515912
2.69264999100	-1.24392202507	17.55017624014
-0.56234190907	1.81093355511	11.48351169448
-1.86789729553	2.13716164194	3732.50510723032
-2.39522899009	1.03070593791	101476.23327453743
0.37480840595	-2.99991295587	1.47825823912
3.02313285388	0.84516286076	59.92336791249
0.38066191187	-1.57674061566	1.46752846199
-1.70938608556	2.22255824227	1541.90348384794
2.64759110298	-4.65746799542	15.09791179602
-2.13546746952	0.09371799191	18604.45323723445
4.35920516206	1.50515405686	79559.41029072038
-2.27936162692	3.37135001190	46826.88019292091
4.85682239235	0.98833145623	2885125.52397979563
-2.83419140075	1.49679045033	2424228.03979778569
-3.46765214044	2.81269116435	466102277.64656519890
-4.97231647304	-3.32154761312	3094999235995065.00000000000
1.53250715160	-3.90535008998	1.32785368298
1.70074894736	3.33396662237	1.63402956061
-2.55290939882	-1.44775812651	303508.59122184757
3.94534620460	3.15021835551	5855.07605048771
-1.07274410917	4.06138072104	73.42526910551
-1.12024636288	-1.16205081525	89.60800337031
1.98703896334	0.60355378756	2.64916875957
-0.11533190389	1.93016796210	3.46934305889
-2.59297668051	3.27535002594	404125.77254300908
3.57070555109	0.87692907867	741.39016887524
-2.61193383280	-2.87496751238	463270.32246218482
3.64237550135	-3.88670682501	1077.23008572590
0.36240648656	4.51419976101	1.50159141401
-0.73061240025	-1.31432847698	19.98574520898
4.54173408757	-4.15795953705	280374.17997719045
3.90816443207	-3.27092746096	4709.89250468637
2.09852774993	3.08309863956	3.34264769955
-1.79328355413	3.05307850239	2446.54722541803
3.60354679809	-4.87324251561	878.71088480731
-3.89858409616	-3.77785010622	26386705670.57307815552
4.61844631702	-2.46908291123	485606.42473587720
-0.99906491328	-0.88056082869	54.39436301837
1.08725184043	2.76043453403	1.00764193533
2.08345737454	3.68015752922	3.23451787371
-0.60563551143	0.94955202890	13.17163159819
1.52405874895	1.29936818397	1.31605361420
4.22150562034	-3.84886903323	32147.77311738699
-3.38390462282	-4.35332123487	222095880.77720829844
3.84506292811	2.06501880504	3276.01513492715
-1.25556510842	2.77838369129	161.99637498394
2.33904005842	-3.84032548135	6.00761768467
-4.41882235664	-3.27278028828	5655421354367.98535156250
4.54943719400	-3.17716665570	296115.36207911669
3.31056371341	-0.10432380272	208.24279315319
2.03663938551	4.50649290210	2.92888327507
0.55074256865	-1.80676801460	1.22364271212
-2.50414638488	-0.10304688571	215139.48983983533
3.35583744115	0.85659205311	257.22985153528
-0.32618415472	-2.71207629731	5.80526005284
-3.40832399713	-1.80491680264	275285820.63037967682
-2.17527109598	3.70882222167	23917.04187508858
-0.74969294449	-0.39874161313	21.35797913835
1.76684349444	-2.30923869096	1.80047216602
-3.32537652353	1.24229665754	133402585.16503433883
-0.93581203528	-0.49078585432	42.40932366973
-2.48314407504	-2.50902685402	185775.20518631092
2.04553607618	4.23928923507	2.98364493784
3.86025081718	-1.77484406619	3572.54939864090
3.51212175361	-2.75306644644	550.46077760166
-2.59022643253	-0.24985671643	396220.37455990951
3.74184289249	-1.96052782915	1840.33416785118
4.21299863687	0.30419225994	30435.35607870833
-4.61079850032	-4.32449973264	46994881674631.58593750000
-2.34012625075	-3.09438262177	70013.50079601895
3.55200255282	2.72273686464	673.65427189211
-3.64556629308	-1.29308991381	2358487081.88216066360
-1.86215501897	-1.75944494383	3611.69096358707
-3.70077256895	-4.38271328805	3951111406.27621698380
0.81971229616	1.78219593647	1.03303767008
4.40243653478	0.16770931801	106571.81682023082
-3.69520820088	-1.22800103318	3749843900.88176727295
-3.29718334836	2.99954061173	104613663.72232273221
2.03995023799	2.40580205082	2.94908955562
4.45077593050	1.57684319569	148427.88887675526
3.57657859732	2.82316565720	764.14477569051
3.13732570936	-1.05662824778	96.36674641279
-4.83529261180	0.92813791601	613769069690599.12500000000
1.43102906592	3.42261344789	1.20416460862
1.39525016122	-4.15153880082	1.16908651792
-3.12684404447	2.66483956773	24911541.48214054853
0.69743995935	2.52462147068	1.09586343559
-4.72656724863	2.80204274260	174609375185370.53125000000
2.70164945340	-2.38893812043	18.09455134456
2.78133622758	4.31997414766	23.88280528088
-2.76969212888	0.52469920105	1484485.41245955275
-3.62976231144	3.02879936053	2036908512.64560747147
1.18171577224	0.31598051757	1.03357185322
4.62242128752	4.60773758715	499786.34910245729
-3.02378815494	2.29765976250	10754890.24757249095
-4.05259039854	1.93985522677	122168824860.51287841797
1.38577954504	-1.19876529524	1.16047088416
4.56937750051	1.26961017978	341279.04695277242
-3.00097594805	-3.79943630217	8955769.65649490990
-1.16484663011	4.58901618855	108.47946928498
-2.38277938027	-4.73641841225	93264.64121832163
-0.39874533027	-2.39863137170	7.07444148921
-4.31691646443	3.14558390473	1893788980405.42626953125
-0.32855565936	-0.03983925056	5.84192368094
2.42621838288	3.09681935842	7.64535960083
4.68113144314	-4.63623825583	767373.32936851576
-1.10047622243	4.57586049377	82.43419683960
-2.56107612871	4.99132833987	321664.12641091651
1.05172685540	-2.93565665416	1.00267925036
4.68512569404	-2.63441628500	790286.94569579978
0.82252657809	0.77552927383	1.03199808918
2.51642111080	-2.43793066385	9.96952545246
0.99318817208	-1.33905038125	1.00004640208
0.70084464957	-1.36877453616	1.09362068811
4.74081733443	-2.76217409400	1195068.81749909837
-2.86496556323	-3.64389269371	3072366.91619388200
0.59773798551	-2.10107573181	1.17564240788
0.38867841854	-0.05176210533	1.45312160865
-1.09524625653	1.20275117231	80.64500557689
4.26685888106	2.05440412409	43146.94734139893
2.68993552746	-4.99926247851	17.38976973370
-3.72519785146	2.77283560477	4974022647.42494773865
3.29721398847	-2.82870454327	195.81926350014
4.52168975672	4.49146628097	243360.39791635267
2.50311087245	4.71832151240	9.57678839228
-3.66340350878	4.84848334611	2784494778.34631252289
2.77521627069	-0.21481006863	23.36858987723
-3.64496287400	1.28572043591	2345302200.82404851913
-3.20886165673	-2.95984230819	49353361.91910327971
1.39270093004	4.06687533569	1.16674056640
2.35656107784	1.29775547697	6.29816271239
-1.25131670137	2.84956536349	158.92412544551
0.24840463497	4.88041230850	1.75926409317
1.68522126439	-3.10079449110	1.59923946388
-2.08125374787	-2.64871626051	13281.46401162133
-3.75902210726	2.69732454849	6855324025.73026180267
3.27312877301	-1.68857400599	175.40795259937
-3.61987428784	-3.12263997596	1858877105.12153029442
2.15934747858	-0.20762255397	3.83468224993
-4.33298904949	-4.78756326341	2247348520687.28857421875
-0.86165930850	-1.60773897615	32.00126332469
4.77310386554	4.30233745278	1523182.99685734464
4.75950165848	-2.34747839774	1374846.60126041295
-2.65579076389	4.61680182144	637179.13353177626
-3.28869255746	4.87170113863	97258588.71376074851
2.49544869783	-4.72378123422	9.35926543115
-0.80112905592	2.30911565968	25.63775003597
-4.23797459533	-1.75755882299	823128252875.61010742188
1.01119707397	2.29441922990	1.00012538233
1.22015671637	-4.02847435828	1.04966281053
4.11095074873	-2.34892327039	15962.77233359237
0.60490075982	3.80120218650	1.16894707717
-4.90127236445	2.53822320379	1331410790140387.50000000000
2.48258390072	4.87719908986	9.00747711227
1.13972937094	-4.58730115129	1.01971614271
2.36494685300	3.40646573502	6.44355181097
-2.29001766376	-4.03498821773	50222.39028359804
0.42208017663	-3.56934023434	1.39653102476
-2.11729659578	-2.09032235819	16606.31072191679
-1.61939713817	-3.23868132231	954.55128122581
-1.46242944185	-2.22570978849	429.90263640184
-2.79460028233	1.71365586481	1792266.00653545815
-1.98653158425	-0.98773410456	7475.38501326191
-1.40705534279	1.60241643462	328.29592868736
-0.66690475234	0.25830817622	16.09601061478
-2.51783315814	-0.20772512830	236842.37831982371
-3.36823964051	2.00672958057	193641207.12936037779
0.14801544113	0.92349352063	2.06654408632
3.47792548801	1.97313325375	464.10681204380
-4.81205751921	0.52733130805	468244919214415.43750000000
-3.95746456015	0.86203018620	47143164646.86023712158
-3.80698457701	3.30855710450	10846417993.42327117920
3.34412282956	-1.47275719094	243.45006266804
1.35125568468	1.96854842352	1.13131486772
3.01147059905	0.96197617002	57.16912448106
2.44880858824	3.27362331054	8.15838575584
-2.59523711489	4.36882245371	410745.84173439717
3.80179707589	2.12911135523	2565.90585335799
3.58655136941	-2.99007666665	804.52173803359
4.29787583194	-2.70054239251	52890.81656607924
0.61245461067	-3.97791102788	1.16205667254
0.88758377146	1.69653409683	1.01271759792
2.48292169536	-1.76738480167	9.01650471021
1.68614849994	2.60635507731	1.60127432277
4.12904326549	2.62827948113	17870.59238558307
3.31847152063	-1.86797633901	216.00686551413
3.13195288073	-1.38151827498	94.18143539450
-0.05627486870	-1.46106112076	3.05175427759
-0.12684123775	-3.61008878287	3.56003784383
0.83294424237	-2.95171566501	1.02830069195
-0.72486409171	4.71786081645	19.59268211141
-2.59831044229	-4.07700221179	419927.78671902471
4.97239334473	4.79346700928	7130620.99923886918
0.35334609708	3.85036833835	1.51916565073
1.15403290285	1.46426811738	1.02400983919
-4.59216790458	2.36131832878	38142180026940.84375000000
-4.27501730897	-1.39576992231	1215051537989.05590820312
3.65496281040	1.09108822653	1151.50783640165
-0.42795635313	-2.39112259816	7.68337840127
4.08894764812	4.96872826556	13927.17954530487
4.11402286371	4.79237638435	16270.97941034704
-1.24802216807	-1.10840388239	156.58573197501
-0.86353570347	-1.25636072157	32.22573374842
-1.27013604677	1.75260571929	173.03911563306
-4.30617951355	3.11218680924	1689647477763.09838867188
-1.44523899290	-4.75987946599	395.12166590008
-2.89209198428	2.13189916095	3791908.50670700241
0.87542734302	-1.68743173433	1.01563938169
-0.56159468991	-2.71252729582	11.45673739318
1.86602417629	-2.28323062217	2.11699551569
-3.11136589358	-4.41701248997	21929197.16890304908
3.04828030491	-1.06168283693	66.38374401533
-2.13907155980	2.21781801987	19029.96759701111
2.94146290888	-3.71912718872	43.34876555339
4.05296826398	4.10936189474	11165.84920403855
-3.63147619241	-4.64663786082	2069497623.69018602371
2.46266094220	-1.21356803834	8.49414439875
4.04991943737	4.00683058957	10960.01111302179
-2.33115865479	4.05414553777	65947.74621444350
3.74621666900	-2.69842122058	1885.04315420341
-2.43551853219	3.22081722684	133624.32341323196
2.52163825806	-0.09459878121	10.12880138950
-2.98173656837	-0.44397952663	7680737.27539945021
-0.56875993779	2.66579665920	11.71661292053
-3.07963443676	-4.96955773994	16910023.95657387003
1.04934512814	-2.56565293825	1.00243790855
2.46437858488	3.78492924085	8.53695715986
-3.01311290054	2.49853984537	9870639.01532605104
-3.77137168981	0.86815995329	7711571286.98457908630
-3.45749778810	-1.31131757372	425717496.68861579895
-0.86536390613	0.77177948895	32.44617304518
-4.90566289527	-3.42898513037	1402249647060053.00000000000
4.91644657618	-0.82906339133	4586160.70390463248
3.70119317377	-1.65123298918	1475.04615825877
0.43880136492	-0.58831711679	1.37018245254
1.88471083415	0.95241264062	2.18739920410
0.62072082462	-1.51474453228	1.15471399840
-2.54911000202	3.73504413595	295428.40625509911
-0.57813644981	-1.95601984275	12.06748510465
0.76811527850	-3.53136473382	1.05524242163
1.82210747597	-1.21752029036	1.96572415085
-4.16179541566	-1.07689851751	372734390486.89562988281
0.13451964910	-1.20638479114	2.11500301449
2.61282631033	1.24699075097	13.48002159253
1.27906208393	1.65577255267	1.08098822584
0.04912290274	3.13253269038	2.46987428872
1.70152023958	-2.96761003689	1.63579781657
-0.84824340434	3.93952896633	30.44749368830
4.78605325459	0.97915204734	1679823.43324157526
-2.78823260320	-2.67377380151	1707782.41916293325
-2.58756579659	2.53054600882	388725.35495792382
2.88356739058	1.04452509412	34.73771953403
-1.00440323759	3.52443603117	55.56938048532
-4.92447873221	3.31167028903	1751849090938160.50000000000
-3.15950165199	-4.62778146522	32653218.76933597401
0.99129449787	2.43166553436	1.00007578864
-2.74392772360	0.05424020386	1223216.96095144213
-4.86671401826	-3.25597962464	886527597728598.50000000000
-2.02954566837	-1.75519005464	9683.19276239468
2.56167162196	4.57024523799	11.45949054046
-3.60893768711	-1.48942878860	1680414966.33264660835
-0.69426128072	-0.23124015551	17.64621455076
-3.67321934282	-1.87460486418	3051743873.79947519302
-4.07575085504	0.54377218985	154467065518.78228759766
-0.69765635202	-0.72878430439	17.85059943707
4.93896213199	-2.34423752247	5473466.35847964603
-2.27145104167	0.30293459320	44462.07768832576
-4.84874126084	2.70505729528	718203690520951.12500000000
2.56403735186	3.09525851823	11.54454277188
4.85871439344	4.19268658779	2927550.92635914544
2.55911899155	-1.44036112819	11.36856431049
0.56995666357	2.31998784974	1.20314296605
4.60463549048	-0.79806717826	439501.76817968616
-4.71447654532	-3.28589946793	152051772455951.78125000000
0.62113915501	4.53877362870	1.15434783544
-1.74138801960	-0.20753976306	1835.74977547174
4.81152871700	3.74966924548	2038553.73403204349
-4.85598293019	-0.21101847056	781734338929263.75000000000
-0.12821161312	-3.33207074879	3.57105633427
-3.83376457465	3.24905227089	14041456411.10175132751
1.93601839211	0.84884635449	2.40158858875
4.12239107947	2.18145847606	17142.67166593455
-4.39107699564	-1.72488614582	4189955264048.42480468750
-2.45289683680	-1.40341672395	150617.16504854517
1.61570359372	2.00260340210	1.46095585297
4.50208505309	1.04307981620	212054.73814110871
0.01178908337	-2.72238223865	2.65530842551
-0.79637550807	0.06560155806	25.20304866530
1.10112569210	-2.77524470740	1.01027887399
-2.70675527042	-2.33556208794	927302.05675568909
-3.45321150122	-2.65693251711	409764300.13158953190
-1.53755979349	3.58537963999	625.91194955233
2.28065136544	-3.04454357729	5.15551966226
3.76390850505	1.09661470002	2078.06037226455
0.32270077468	-3.59783735504	1.58207019692
-4.79920550941	-3.74390296274	403333363403395.31250000000
1.90687446878	-1.33514878237	2.27600406464
3.85488055962	3.42598747378	3464.56724181770
2.34441604972	3.66743618955	6.09491315789
1.68612052272	-0.89748513049	1.60121284738
1.80570704680	0.53534741789	1.91393980991
3.70051468915	-2.30434020969	1469.65004430537
4.94411200125	0.62631467711	5700243.65511208028
-0.92352852015	-1.73206911996	40.44576609106
0.47674888687	-1.18273403089	1.31494090755
4.31829837548	-4.94424184133	60542.69567401969
3.50766217115	0.55122502776	538.27499066481
3.04549775991	-1.74431580701	65.63184930178
3.43043897118	-1.56324252938	367.61404338463
4.90450850785	-4.33239792859	4177346.05550338933
1.13998087515	0.50207212827	1.01978788053
4.95049904770	3.02238622948	5995038.24494329188
1.45848523827	-0.20105779904	1.23393557236
-4.73297923382	3.04089013603	187922525498814.21875000000
-1.55480025160	4.39125019169	683.34805394272
-3.40785846307	-4.85543083373	274158298.81576484442
1.34052941498	-2.54512273990	1.12295127040
-2.72099197677	-3.49865274557	1030733.55002385145
1.52678046007	2.74242606652	1.31982302166
3.64492916088	1.50196807494	1091.87345521563
-2.16147428484	-4.15958383042	21914.84749055927
2.61723092389	-0.87959031732	13.67317468542
-4.20693669509	2.97558025135	595215729100.30383300781
-0.50226770903	-1.13586611046	9.55255129006
-0.67727621600	4.75926819097	16.66408000074
-3.82969742758	-2.08267530889	13500293218.04994583130
-1.36476856946	-1.95765489263	268.30660822076
-0.66281032053	-0.46497643800	15.87805809397
-4.26215913511	-4.82469941697	1061091024572.54626464844
2.45264887599	-3.29137090990	8.24979834424
3.78159865380	1.53290266482	2292.25441003945
0.33916093817	-2.02725301650	1.54760452177
-1.98682186430	0.02657943620	7488.35816636947
4.72065148228	3.70352430783	1028125.14359592285
0.36207498071	-2.46304693910	1.50222648396
1.72601151750	-3.52542447383	1.69400021566
1.13710502539	0.45525046962	1.01897557868
-4.97689851485	-4.55486067862	3269180892318966.50000000000
0.02279224037	-3.16136376108	2.59850168908
4.85836683485	2.56443425530	2919709.35196376918
-0.31047563246	3.64048582969	5.56972891092
3.40388351556	2.66897743979	323.32433623409
-3.85677563265	2.20480816191	17549118293.63050842285
-3.44594982022	2.80133769939	384121629.51823782921
-1.64920319346	4.76320559990	1116.86123384677
2.08229264056	-2.85642698857	3.22636901130
-3.24487970288	-4.79670081512	66919682.65674827993
2.85816971350	-4.84580722149	31.58854908434
-3.37836237719	3.87857191062	211568018.66401851177
2.85964517215	-1.01167738177	31.76230363368
-4.71000266896	-2.24644876686	144475416287795.90625000000
-1.90599455186	-4.63528556427	4650.84561832438
0.59604744551	-1.40047369248	1.17724582799
-0.40024015270	-0.75409486323	7.10410286345
0.52402188629	4.19834063010	1.25427179949
-4.03828878088	2.10529399089	105751077037.95271301270
-1.92026264545	-3.24273833740	5053.99307846233
-4.07403384319	3.82338649280	151798442526.01818847656
-2.65095363545	-4.52668438330	615052.21657236596
-2.54935604161	2.59849639247	295944.82388283266
-2.66510120379	1.97693635202	682124.06514792261
1.54503403563	-0.16649272641	1.34589887717
-0.37204780079	4.09049621573	6.57000877204
-2.23272248726	0.02040160400	34561.46733449475
-0.81501188747	-4.13387457294	26.95767791673
3.17031966171	0.46434559841	111.08408466035
-2.43860458474	0.33329015516	136489.29835336495
-0.94658831059	-1.28083489028	44.22127689367
4.51609268081	-2.77429701347	233960.53822815651
2.16047252776	1.87459467718	3.84470350322
1.00433205459	-4.50517408728	1.00001876687
-3.64361457570	2.04208638620	2316113326.88547325134
-1.39330304072	-3.97722987800	307.32304085892
1.23361766142	0.21610233545	1.05609401611
2.40264870680	1.67515206797	7.15222426750
2.00343321224	-2.36425030705	2.73704319395
0.86763207188	0.04748124103	1.01767566625
0.50618043595	1.19851347884	1.27616279852
0.38980688181	-4.96523593194	1.45111995563
2.06372515028	3.30017411610	3.10033817836
3.33136303505	-3.27019540062	229.35100459540
-1.71710469912	4.13539775326	1607.85769224385
2.17424648220	-4.99867163655	3.97035217944
1.09841293488	2.44615702918	1.00973215817
-1.61759352897	-1.40014645591	945.57752926310
0.71599919209	-0.39992623363	1.08399843457
1.30635575465	4.17093539519	1.09839920139
-0.69747875883	1.26219792587	17.83983961055
3.93559631119	-0.37775542838	5528.79795159504
-4.54373267986	0.89951237372	22241299753922.93359375000
3.87174707766	0.13611883505	3815.89790614691
-2.86766548040	-3.84944487233	3137184.40177207766
2.66249098437	2.79991163879	15.86120630849
3.48230965731	-4.26131235060	474.31005615276
-2.05051474069	0.21633798006	10999.88594615744
-1.45475908353	-4.91309751793	413.99014043199
3.04202316787	-4.87101652634	64.70630316255
1.59496080177	1.51009239342	1.42472434890
-4.18930087879	-2.69653014554	495505163078.22888183594
4.85717683439	-2.11939086175	2893024.72892097570
-2.29218076079	1.78486917610	50942.56811176676
2.88211064146	-1.33070127123	34.54768234195
-4.90079922417	-1.52677122738	1323996864084553.75000000000
1.12413766434	1.89932061877	1.01552950849
-3.98129046116	0.95174925646	59739223907.12973785400
1.07337830075	4.91086984103	1.00539889682
2.05910042732	-4.06201785971	3.07004959179
0.60094712123	-4.28663702466	1.17262309401
-3.57603583512	-3.40136775888	1242143016.83299875259
-3.03393434509	-1.10622903443	11671100.48932529986
-2.85988846212	-0.66682431273	2954201.46357252868
-0.14178004785	2.64042184838	3.68275707808
-0.01875335374	-3.09823149026	2.82316443462
-0.94257913241	4.57597642793	43.53711033980
2.23450813987	4.46645420659	4.59059822308
2.27291584549	-1.39105563994	5.05468102554
-4.76967948998	1.13958827345	286626593633455.25000000000
3.91794501145	0.26253491287	4986.06893559422
1.86816218912	3.05566145651	2.12485929617
1.89381987916	3.26015332297	2.22312525045
4.45726968405	-1.05547601020	155237.83949919534
1.86300139315	4.82137229760	2.10595996714
-1.92802231946	-4.57314505240	5288.63101090048
0.90801233308	-3.22163159689	1.00849763250
-4.86769530609	-2.52994859332	896794814208066.62500000000
1.68944790002	-4.45908876686	1.60855845257
2.66513935278	3.42438626100	16.00160555177
-3.01922276907	-0.53970580724	10367139.17885775864
-4.17442287549	-2.91709822562	424701367607.63342285156
2.35251567612	1.92425169759	6.22951608085
2.45406718412	3.48343192455	8.28387932301
1.34535842150	-3.55572916655	1.12667682752
4.73692873618	2.52175143231	1160819.03580532968
2.91066596899	1.28193184265	38.49946884916
4.27246208502	-1.48792578203	44757.22207800754
1.22309124105	-2.85442943005	1.05102901844
-1.55512142165	-1.98215773711	684.47045396689
-1.23712197266	-4.22098206718	149.11453777685
-0.92579515894	3.73719553084	40.80020044296
2.97260426804	0.89099835950	48.96802814345
-3.59313710916	3.51957183869	1453017845.85731554031
4.42432178950	-3.49767511861	123745.17850052084
-1.42126044175	2.39379094260	351.60279909418
-4.85830835322	-4.96012421938	803322012532288.62500000000
-2.78039229032	4.35873093590	1609390.13762003463
1.37514331181	-0.94957196452	1.15111668814
-1.04162422210	-1.32430637234	64.60097246083
-1.34222412452	0.79487098455	241.29345527805
2.69338831985	-1.04953558732	17.59410674256
-0.94669051837	-3.86614807490	44.23887707461
3.99990088593	-3.29437696136	8098.26666174645
-4.07385013336	3.66974655112	151515713477.10305786133
-0.40301859811	2.60019209098	7.15965064113
-0.38661042351	3.52882427267	6.83932106068
4.95875788672	-2.86757979713	6399714.93354089838
0.48321834223	-0.77320346626	1.30612309755
-2.48290071647	2.00137482651	185460.53717699111
-4.70895194339	1.13381114360	142752330771648.81250000000
4.25535696158	0.89031559801	40028.57877293294
-3.88229855433	-4.28891969322	22501305654.71030807495
-3.00721578939	3.95783422368	9414657.89009104110
1.57917497216	4.24698592290	1.39856071680
-4.48948230486	0.32572378025	12223922097007.05468750000
-1.57605865340	-2.09185712101	762.10030872180
-0.43580305841	-4.57466126941	7.85798665240
-0.24284962036	4.14700135030	4.68644912190
-1.75365644834	1.67991253883	1963.77483360581
1.10167892063	2.41361649436	1.01039223091
-3.05121430662	-1.17569294343	13421082.61716474965
3.87541892543	-0.15334030108	3897.27939141907
-0.29382885206	0.81791392777	5.33342221331
-0.92583827068	-4.37072559007	40.80697590265
-4.90098953995	-2.11249818758	1326973991471670.25000000000
2.52254112014	4.50462464613	10.15667842999
1.24271339656	-3.68597525313	1.06067955557
-1.58902322315	4.01523935323	814.88031526466
-0.99117354941	4.13533787835	52.70825601249
1.33782097958	2.91289837239	1.12089000184
0.04650352108	4.06578452710	2.48222549629
3.37870126487	0.42226468628	286.63788876581
3.88832964300	-4.58713071566	4198.35527605082
-1.51464959526	-0.69795972112	557.50004661529
4.45063244628	-0.64569645411	148280.98192628613
1.69325920750	0.19571438701	1.61705780585
4.60277584477	2.11058740131	433650.32590344426
0.29152985238	2.21612092841	1.65190629291
-0.54362393377	-1.29173719808	10.83492647295
0.52725883726	-3.30753949537	1.25042589208
-2.30724096080	-0.40747594623	56265.83394303934
3.47031224082	-3.07811533201	446.94813873472
4.29671708335	-0.85375104495	52488.19298067448
-2.92433059422	2.14913618253	4878608.59288175032
2.36178978051	-1.82139901232	6.38832053192
-2.20604848788	2.69992488243	29107.37643015038
-0.31785601820	-3.30000693956	5.67882579263
4.90161540112	4.20026918207	4084062.40392080462
4.60520479770	2.76072853520	441309.46072196949
-3.22432219883	4.80094102689	56226460.95321231335
-0.29151475347	2.50089311471	5.30160899497
2.88380383578	-2.45467427915	34.76867687629
-3.24887028144	1.57868491336	69226802.74333742261
0.78035062098	0.33286402294	1.04942862533
-0.90511723917	-3.05456234433	37.69289800839
3.52821156392	-1.79950475289	596.96215052642
-4.66549961666	4.80086592704	87083270273601.14062500000
-1.86607568838	4.95605429046	3693.72181814728
-2.90277269771	4.97692545334	4121116.70713428967
4.55450382632	-2.21200279226	306967.59010884678
2.17527995796	3.30505144853	3.98000461790
-2.68429446455	-4.78297506094	785460.69838170020
-0.56602882171	1.05582260015	11.61672965121
-4.40354028107	-3.54712653202	4793335200629.41015625000
-3.02782929772	-1.69488014884	11110585.40106903389
-3.21698441665	-2.63227964104	52849434.50940065086
0.23961949359	-1.34230905680	1.78278814876
4.08474096110	0.26556485768	13570.13630096407
-1.97098022772	-0.87343724694	6813.92446907719
-1.62716117769	1.65627402684	994.23724330977
-1.01562700851	2.55000687668	58.13408992189
2.92261757312	2.89894039374	40.30430683020
-0.42908851702	-4.19843471481	7.70827162653
-0.15854289064	-0.97911199241	3.82753743656
-0.32906615671	2.30167105017	5.84985484967
1.75530567277	3.25772292919	1.76912780450
-1.37892889743	-2.83491447304	286.94848332237
2.91977614297	-1.74232702748	39.86666213220
-2.81055616099	-1.67459718357	2023498.00239602383
4.29163375639	4.77073878432	50759.43476055672
-3.14676673603	-3.10473908345	29375582.58974412456
0.63540661208	2.97305102025	1.14216814594
-0.23584525182	3.56245682246	4.60578667823
0.73252584823	-2.74042097685	1.07416371776
-2.51601298543	4.24480385842	233829.45730895730
4.22828341649	-0.75342150996	33584.29470560888
-2.52134483402	3.83657671486	242769.91940314605
-2.47591032181	-2.91757917914	176654.75415746353
-3.55021291526	-1.40893727202	981347881.73154199123
-4.26673802335	2.84822242722	1113500092359.74194335938
-2.12321871581	-3.93327851129	17231.51315751332
1.29666027105	-3.59014577013	1.09199611150
4.34030693347	1.62364520469	70098.06083526311
-3.34092194797	0.21324865515	152641616.88371902704
-1.47325111368	1.77702133154	453.48902623531
-1.87052893407	-4.04093582623	3789.29915448971
1.13147086840	-0.92563375032	1.01743483213
-3.56523399266	2.02893226035	1125351657.00761985779
1.40901475981	0.81751021890	1.18210065721
-0.40679873277	2.98838153167	7.23610207897
-3.63314988948	-0.66157671751	2101837708.62409710884
-1.03381787227	-1.18179152463	62.57808503904
3.84617569422	-4.37906507810	3296.82803064772
1.33435001585	2.46826528418	1.11827792279
1.88087327575	2.96738844728	2.17262850668
1.61785116604	1.23791039881	1.46483127235
-2.09364036121	-2.31834079494	14337.16913832669
1.92708857127	2.32064866773	2.36196339213
2.24474222010	-3.40370645523	4.70856501786
4.40508197643	-3.58414215340	108508.44317438146
3.52717410025	-3.11294660470	593.83941219744
4.71505000199	3.76617724551	986182.31217193312
4.74408596231	-1.37297027723	1224667.20197821083
-1.27553566989	-1.93053165798	177.33889889536
-3.14958828591	-0.57557187769	30071334.76385805756
1.27897942284	-1.58343687831	1.08093836282
-1.00245727863	-1.14296362752	55.13778050129
4.10642234495	-1.61626737113	15519.61187243725
1.46416896871	-4.65633665999	1.24042347264
-3.45261919514	-3.66892837544	407608493.49706643820
-0.09169592298	4.18785064961	3.29300324313
4.81559502137	-2.88789839308	2102768.49851372978
-3.20124450680	0.98809314315	46290874.55965622514
-2.94429710192	-2.04669676587	5708572.94446904305
1.02817201569	-4.59355869624	1.00079397750
-1.51541008406	-1.72482819592	559.63673794637
-0.88373801926	2.12175146741	34.76005647797
-4.11521251586	-0.93092188797	230934297927.60281372070
-3.10215491861	1.40003155679	20331357.89901991189
-1.15197659002	0.10711532281	102.61696233867
-0.31923057459	-3.28465746651	5.69944789105
-0.37612684635	4.41402314818	6.64407245655
3.98862992030	-3.69249400852	7569.70064349983
0.88382695677	-2.32276865635	1.01358766046
4.43928435922	1.54069901716	137128.93636741137
1.65534970307	2.35378586776	1.53646332530
-4.31994811073	0.62841253091	1955853722814.50292968750
2.93740620807	0.15290697689	42.67199349876
-1.88979228925	-2.64073212792	4233.98739676203
-0.04634430528	-1.07441359472	2.98869370864
-0.62284307829	1.60323299755	13.92407918337
3.67790703711	-3.59424480625	1301.38726240320
-2.72417279322	2.92016107266	1055434.40009850962
-2.01305442201	3.07524527410	8764.78221552555
4.86120428716	-3.73882581238	2984367.97035129881
0.03491622757	-3.30695190029	2.53802618851
-2.11015510301	0.25895289326	15883.95508835281
3.11680362888	-4.23951715969	88.31037547331
3.17831367661	-1.59393793265	115.01361052049
3.32040577815	-4.60774801530	217.95376982775
-1.02650128916	0.67881611070	60.74637896755
-1.97771253220	1.40060342662	7092.34934066302
-0.43702126477	-4.70438149656	7.88553537009
-2.11078640664	3.61887740140	15946.45884749175
4.42605255208	-4.25584723646	125221.07944067569
1.07573791954	-4.91912715588	1.00575271614
-1.20029105508	0.46568603769	126.63142821742
-3.25300224996	2.25964088528	71701923.92344768345
1.21020584464	0.50200742497	1.04517725926
-0.92949531613	-4.41997183284	41.38639381280
-3.99251234175	3.51076792820	66814067228.28135681152
-4.43693082862	-1.07513057713	6883971369240.09472656250
-3.97542814701	1.39948840290	56352094491.09389495850
0.98590466302	2.32400027869	1.00019869826
-1.01338840908	3.06030262126	57.61211559687
0.31706598839	-0.97812106255	1.59424275894
-1.31171246162	2.85438205453	209.35146812181
-0.41725573920	3.73475253419	7.45297908978
2.12330774295	4.24453603932	3.53184460469
0.45660350574	-1.02529872776	1.34350215081
4.49693578288	0.48072518801	204548.39351764831
3.14017122420	1.95235656329	97.54685911945
-4.66602845450	-3.41018662650	87606687053603.09375000000
2.65996792014	0.11430595064	15.72880108648
2.16136509692	-2.08135920009	3.85267953122
-3.34675210886	-0.29290576430	160572144.16751262546
-1.46010730317	4.18163193425	425.01647934608
2.64078076703	-4.86472655805	14.76355325257
3.15038627669	-0.17205456013	101.91724280954
1.94960050177	2.73740453960	2.46388928828
-4.02549108854	-2.24737923163	92971671945.62625122070
0.88755952631	-2.38200540685	1.01272311896
4.71828654252	0.13428898235	1010195.88168577664
4.53324945590	-3.32873113789	264038.89944295632
3.17552030593	-1.08763533622	113.62330120949
-0.43999056595	0.96661394819	7.95318780486
-2.98213038115	2.59556293471	7704863.97529490106
-0.36182968882	-2.10587827672	6.38901494863
-3.12411351113	2.15258950688	24356571.61754435673
-3.82468342487	-1.81962467281	12862348378.78651237488
-0.33522817631	1.30615435155	5.94668714899
-3.75964049283	1.43417116189	6895794851.57479667664
2.65236651329	-2.03908171063	15.33771908550
-3.46965415218	-0.53865514622	474517112.71361917257
-1.04635508948	4.32877256179	65.86249451361
-4.57224351247	3.56794433775	30535094037120.10937500000
-1.55471711822	-1.07631662867	683.05784883023
-0.97488663914	3.15553626981	49.41120584616
3.13391903327	-0.56243959004	94.97469052281
1.54674102701	0.54449506736	1.34840950117
-1.87169589969	0.55899497934	3814.77643455352
1.94339719531	1.14921013129	2.43512543393
3.51522719296	3.08239983711	559.12207603220
4.94865522084	4.28156729733	5908355.26112995762
3.98864582226	-0.84349860339	7570.42018074616
-3.69830837197	4.58170961799	3860650610.28263187408
-1.74819745069	4.34141347181	1905.67056446295
3.49227065171	3.01271439347	498.40500092383
0.02283928261	3.90648464631	2.59826279932
2.77075728701	-3.35360148615	23.00200461977
0.42590361208	1.13869144231	1.39039330815
2.24787578381	0.61865875634	4.74548657615
-0.03246360430	-4.53937917723	2.90368637690
-1.88602897586	-4.37755852595	4142.94948638796
3.46100379487	-2.71691547853	426.89568175446
3.83258434100	2.88766757417	3051.94401611588
-3.00969474550	3.89543701961	9603632.32500925101
4.81654019776	4.92075206507	2117992.11248762393
2.48048266907	-1.91753737851	8.95156997768
-3.19184621988	-4.73189996669	42779720.62624613196
4.73387252818	4.21078224412	1134615.12749740877
-0.84638673800	4.37840815445	30.23934788040
1.89540850136	-3.67840692800	2.22945326843
-1.04723838966	3.08510105200	66.10107593403
-2.06902370943	-1.27239166600	12319.10426932388
1.56471162108	-1.98522784280	1.37561267678
-4.51144749855	4.46387559047	15565118441832.03515625000
0.43339141043	-1.32303183681	1.37856802003
3.60142888500	4.08713592121	869.07744740013
-3.20585774373	-3.53732453215	48121487.48093169928
-0.67814873469	-0.39127360069	16.71293842974
3.00025370279	2.16421736182	54.65358848566
0.17171170094	-3.95656523750	1.98587874001
-3.24407777931	-3.94036525555	66465674.32665509731
-4.91460285560	-3.98619887999	1558541650370415.50000000000
-1.33348731857	-2.34924607409	231.63504841357
2.30643521642	-0.06017410508	5.51114813655
-4.62557073580	2.78721656185	55480132712251.50781250000
1.51891403037	-0.81955189011	1.30901084379
4.15622705962	-3.62399457058	21200.27117592192
-4.17489263339	-0.97144249113	426771153900.59521484375
-1.68179421737	0.38721224932	1328.78493947253
-0.39128183550	4.18116483682	6.92865108620
1.10556420051	3.47797902170	1.01120612386
3.15930511647	-3.87453042467	105.91094357184
-3.77972580263	0.07829857171	8352099224.13671016693
4.75671585909	0.09423468819	1346358.42934105429
1.30790399845	4.97969845462	1.09944430212
-3.59107672470	2.76625532064	1425780887.89502859116
-3.88745127058	-2.22896575508	23663034041.40458679199
-2.09143800101	4.76670501593	14143.19564260636
2.48546100365	-0.33420528036	9.08472465151
-1.64925112607	-0.13857686458	1117.14491769929
0.75092553977	-4.58854056325	1.06400286836
-4.10804098628	-0.05410623685	214608809584.07684326172
1.94636996564	3.66932218175	2.44884408669
-3.47732243178	3.33181870664	508215515.21734255552
-3.76544548776	-1.97411847276	7287822902.93108177185
-0.10275880660	4.28644169335	3.37392577755
-4.38572663111	4.39637726101	3955196283123.27099609375
3.84449107390	-3.19846165759	3265.37362803657
4.53170531622	0.28724734025	261174.08090960720
-2.33154332431	3.98379981172	66116.98299926204
-0.81506714216	-4.51979182895	26.96308560054
-2.49182072926	-3.04129087957	197365.37893460479
3.72771126196	0.23965427081	1703.44632616353
-3.71218057163	-2.60794413289	4399011702.95042991638
-2.88821902774	-2.93919771436	3679351.99998692144
3.57770620539	3.47277041702	768.59892639701
0.83051547019	-4.58768021978	1.02914154765
-4.77720589493	3.64543061972	312650776159422.75000000000
1.37388090559	4.01359298054	1.15002873793
2.82333414421	-3.81767252452	27.78641970279
-0.34285807094	-3.90819705180	6.06944883035
-3.36030546122	-3.36065835834	180684633.84742137790
-3.89960668437	2.76146097202	26652416570.27532577515
-2.31291240723	-3.68237839210	58418.54197288541
3.42689604494	-0.14427805476	361.34183185051
-0.26622252953	1.27381460751	4.96950130629
-0.05615695280	-4.21580690004	3.05099421289
3.89266612521	4.23636914618	4304.93497383244
-1.18586730142	-2.51488558132	118.86826456049
-1.07998583124	1.27429238798	75.66691858864
0.06924878613	-3.99635763241	2.37809042246
-2.52088262816	-0.77417577712	241980.99797612007
2.09975912303	-2.02616443138	3.35170820794
2.78528364981	-3.20788564408	24.22142834769
-4.24342894211	4.68146662749	871556971033.67968750000
4.69773582663	-4.58360721905	867395.43153220206
0.19816251245	-1.31853469401	1.90207112153
2.71845649047	-3.88261368612	19.16513436255
-1.48064868753	-3.59732684374	470.41623584137
1.77978090778	-2.98555451942	1.83686123441
4.78899837049	3.45349604185	1717720.45266951970
-3.45935344291	-3.91282195656	432820274.26558709145
2.30677781569	1.34794339933	5.51608439344
2.47652675904	-0.58583495975	8.84746759103
-3.10465912781	4.31752645014	20753522.62959316373
3.43296978247	3.67277820078	372.16673359098
-3.18838004027	0.77388052462	41554956.48317072541
0.71132088362	-2.79884611626	1.08690654821
-4.66965805064	3.83267034636	91286352369533.84375000000
-1.65244587483	-2.55947017621	1136.22781311718
-1.19076186111	-0.85394764670	121.44209102590
2.09375699665	0.84972311907	3.30786963616
-2.37114843617	2.84095085135	86218.64897656831
-3.77630611060	-1.05339073720	8083575000.07731342316
-0.72180091439	-4.65883587894	19.38691567540
-0.68325130851	-4.37116859610	17.00206772605
3.13817763046	-0.15531156428	96.71839185992
3.96953444152	-3.46597768456	6755.65221965292
-3.13164176908	2.99857059150	25918400.22976094484
-4.05440138983	0.26985576967	124425553421.35670471191
-4.08509213404	-3.43008168118	169846684587.55868530273
-1.30558906258	0.35112119320	203.51524691541
-3.19628153787	-1.51139703300	44401275.08387389034
-4.58392686139	2.13104833963	34786106808036.86718750000
4.79973963146	-1.05912180034	1863601.13299960154
1.13737794478	4.41323529518	1.01905191476
2.04521738510	0.67637692493	2.98165758399
2.08113838891	-1.61624425292	3.21832235487
-0.06310940442	3.83992879730	3.09628066523
0.54007658987	1.84521789739	1.23556646766
3.38290059974	-1.65974400791	292.42706004951
3.67054817740	1.52449621967	1251.16146116321
-4.23838086929	2.88599703807	826639175788.80578613281
3.11629507312	0.49648786344	88.12046832172
-3.33803235241	2.40934474423	148861170.89125367999
2.92474449001	-4.92182786506	40.63547086530
2.87382964990	-0.03322792083	33.48968754097
-2.76922617053	4.27415119387	1479279.82804448926
2.58678491977	-0.08349733984	12.40235509524
-0.32031120247	-2.17884027858	5.71572798941
-3.40473023895	-4.77441821366	266703597.47362121940
-4.06185816683	0.73516010970	134174643919.33663940430
-2.58175842537	-2.50641064320	372873.09680457454
-1.03049101433	-3.08239779243	61.73763788599
4.98598691246	0.03838695206	7945304.36566585861
-3.10487132819	-3.56516075321	20789708.13450407609
0.33194235709	-4.37518923391	1.56252173706
0.66680661558	0.51337698109	1.11741483177
2.10853514221	4.24243131919	3.41729793572
4.48811536374	4.82445177277	192326.31981727737
0.15971355782	-3.22462210834	2.02603626388
2.56136094468	-1.93825125612	11.44837730152
4.90410452066	-0.70090842213	4164189.04800289357
-3.47404120758	3.43682899826	493505581.64601331949
1.21810322587	3.68857779774	1.04871857818
3.84045156961	3.46164924172	3191.24090725852
-0.51685129170	0.89933823537	9.98254273704
1.29895227902	1.76565321155	1.09348786658
-1.10636575200	-2.27917029472	84.50212493520
-3.23958091383	1.24228375908	63977775.60799831152
4.74528282187	4.95059065387	1235694.12634659791
3.17677567520	-1.16638706225	114.24580828411
0.48115568752	2.77947204937	1.30891613986
3.43558893559	0.87882561755	376.94280428783
2.67944428656	1.23714350255	16.78579699124
3.55801393337	-1.20190097650	694.66886813453
0.40204734409	-2.68659672537	1.42981830779
3.37615803623	0.06442053718	283.19253815889
-1.84256518527	3.11521208655	3229.80432056046
-3.89565536508	4.61101744424	25640563691.71809387207
-2.09917246710	-3.14418605177	14836.86113962169
3.94657205090	-2.60076944257	5897.51792773131
1.91371827926	4.96200610971	2.30454000802
4.44150347604	4.33266404641	139238.86292578641
0.48039639478	-1.70146692344	1.30994860885
4.81165734987	-1.64641523851	2040553.70453006262
4.96493463159	-4.57212794074	6720725.26369045209
2.47094138267	4.36267537621	8.70300659214
-2.52938150992	-0.49924237499	256923.54839116044
4.60645923923	0.59631885552	445319.92890586687
-3.96202169109	-2.66407707621	49323144130.36046600342
2.52128132196	-0.12910134288	10.11780618842
-3.45075638575	4.43240295418	400903939.92755001783
-1.31697526305	-2.63234766877	214.51386384671
2.20207138314	3.17678461590	4.24174868599
0.43939929533	-4.05476329419	1.36926369996
1.06873439303	1.17795301948	1.00473559444
3.02895180069	-2.39623687510	61.35308220109
4.91380735246	4.41687816624	4492356.66700075846
-1.60382247167	1.57198794629	879.97321014280
1.20815466550	1.66780094783	1.04428074356
-3.40415698412	1.85779491487	265360209.15548259020
4.60939969652	-2.97246781184	454869.64810505195
-3.10839269048	0.18192404640	21399765.01185128093
3.55406692702	-4.62460302878	680.79270895233
-1.56145651425	0.48040557650	707.02036791787
-1.98224302358	-1.64764410912	7286.46248722656
1.46291398159	1.08718382703	1.23898110751
2.76385562573	1.70341425111	22.44766653841
1.72309437768	-3.51197043413	1.68685437680
4.10784249821	-4.49178824561	15657.18183150113
-0.91423526030	-2.56451608564	39.02867497739
-1.13445466357	-1.73802118888	95.19207674210
-1.25985324274	-2.99049401385	165.16362987409
3.57663727218	-3.43629287654	764.37586063362
-1.37713310615	1.06399681200	284.50812282045
-1.34283217146	-4.62302888445	241.98181619318
3.22585376731	2.20875235527	141.80104639480
-2.60127210763	2.52282779430	428977.94794962945
1.48339801127	-2.18430888685	1.26323215307
2.25197133688	3.50560147042	4.79432165149
-1.01260092259	-0.48864626806	57.42975068264
3.16644318679	2.78795139769	109.23222075076
-4.05026748380	-2.64243552733	119335138058.62106323242
-3.86205261610	-1.48238531724	18472623121.28042221069
-1.00322221981	2.79033751267	55.30698778412
-0.97745617929	1.23401213116	49.91556814639
-3.97472173364	2.65616191140	55957388992.75472259521
0.33419255526	3.52256006598	1.55783892052
0.05405280778	-1.77573508217	2.44688574248
-2.05828557207	4.29083792996	11534.64783883071
-0.25444881664	1.27718384594	4.82418512042
0.41326244986	-4.83816313320	1.41094677790
-0.29841593690	2.08919291406	5.39721967082
0.12086050719	4.06073800819	2.16600887897
4.48475814235	0.07305492610	187876.34962762275
3.38283954453	1.56364047944	292.34198397112
4.58275267613	1.14240668911	375538.67403081834
-1.56869184934	-4.23914546629	733.75693083920
-4.78931534795	-4.86326986019	359657101644025.06250000000
-1.18920504331	2.03220922701	120.61681731913
-3.80404329612	1.44668201904	10544096754.86999511719
0.07709289400	2.13165473939	2.34376245840
0.46423132066	0.50349972128	1.33248827499
3.84336192514	-1.61721170577	3244.46918806579
-1.17371139553	-4.46885597055	112.73289178666
3.46789460051	-0.67596495800	441.64383726715
4.02523317751	3.02946495875	9433.62561432712
1.28190764881	-4.78242938730	1.08271515912
-2.08520445161	3.40360288042	13608.99851192057
-3.20854571429	4.38773718094	49222285.15728550404
-1.12352009934	0.24979655876	90.86161295999
2.16844578037	1.72800454096	3.91676297765
0.86925049992	-3.06175690067	1.01724239494
-2.85103002561	0.31944617677	2759147.34826575313
-1.12533342904	-3.97752643221	91.56436655705
0.89411139552	-0.96504457510	1.01127549107
3.88562061034	0.90071532892	4133.19629033215
-0.85205497045	-0.25241297419	30.87996567424
-3.62316581113	-1.41447558504	1916300070.45283532143
-1.93399466288	-4.01803427224	5477.06516041772
-0.59050568007	-0.75966136498	12.54984504311
1.92409939939	3.34887498218	2.34892951761
-3.39194306946	-4.94353547322	238329308.72216391563
-3.41687965332	-2.76797421688	296876228.81690269709
-2.45356059360	-4.24886710898	151309.21049923071
-3.69138504520	-4.32299405421	3617661437.66630792618
1.04403483245	-0.70521000375	1.00194094767
-4.00046262273	-0.05750524965	72338797564.00967407227
2.18415031760	2.00745279868	4.06417989446
2.34937556134	-1.94057722061	6.17688689287
-1.88809024563	-0.76915589194	4192.55355196883
-4.43383085679	-1.50232296894	6655853308318.80859375000
1.81396825481	1.81328359081	1.93972133272
-1.31661482120	2.87149248441	214.15589471825
1.66191930839	0.12604751063	1.54981748257
-4.69757898828	-1.05976014490	125384524528146.29687500000
-2.03601168015	1.64078782970	10070.51294148854
-1.15850088424	-1.23992783773	105.54380365428
-3.78490440135	-1.53439737152	8776206854.17981910706
-1.69655225287	-4.70389245211	1438.55447623487
-3.75242528969	3.78121402549	6438401513.39326858521
-0.56098493617	-3.17189180766	11.43494446572
-4.52626841169	2.28772212551	18331510093179.64453125000
3.28738865068	2.10966705398	187.19424841211
-0.99474904457	0.25200207993	53.46481376116
-3.49303334832	-4.51936747879	585132379.37346243858
-3.62981796162	3.81352492461	2037958396.70685005188
-2.20804459414	-0.75755508078	29482.44021023359
3.96404913616	3.02734539462	6539.31227096721
3.65867259743	3.33161955681	1174.43208795936
-1.76912289320	-4.52007217192	2138.88853653241
2.34527581773	0.49696246123	6.10902402127
-0.18199264122	2.51893542997	4.04348362528
0.82691338771	3.31626834471	1.03041226079
0.36140323770	3.88312068217	1.50351518748
3.06173147759	1.30521139765	70.15707702753
0.95668489464	4.06419436744	1.00187795951
0.43329151856	4.67417434505	1.37872409539
-3.67206033242	4.47298303137	3018867958.19750165939
-4.98249602702	0.90160175540	3495520593346182.00000000000
4.52375816544	3.53275549622	246932.82338062793
-1.17851854315	0.47536057534	115.11631394935
2.51918219726	-4.98777781893	10.05343682276
2.83631757197	2.84465551575	29.13855540146
-2.66364938745	-1.84910549268	674904.74011340726
3.22587563223	4.20604668826	141.81484951442
2.39942289207	4.58753431646	7.08786687128
4.70733940482	3.13085550052	931326.75106786191
1.05880106618	2.38130761989	1.00346354966
-4.02329146804	-3.11796268623	90939216788.35432434082
-2.39730491935	2.39191269319	102917.26737105452
-3.98510807727	2.57126977868	62055969090.09604644775
-2.17196522844	-4.99336345480	23420.41625320665
-0.15673337993	-0.87649833173	3.81153544636
-3.79787354244	-1.11824779802	9937591547.69871330261
-3.00153935582	4.85062941504	8996239.51359905861
3.12855046029	1.61579374777	92.82602683192
-3.93118055996	-4.34042261052	36352968971.66426086426
-1.29942077145	-3.45320174146	197.81571880147
2.16925157503	4.84437954366	3.92414795335
-4.82392946161	1.98003791273	537609928873531.31250000000
2.70825149976	2.80072812044	18.50652155458
1.68712913508	-3.61338059097	1.60343218641
-1.37513664002	3.92609663185	281.82154705333
2.20852067901	3.05468399009	4.30820882368
-4.53793969997	-2.08500872983	20858363701949.48828125000
1.22825165003	1.02411281683	1.05347983776
-0.39261908800	-0.44868865062	6.95449299127
0.58518949501	-3.45790165816	1.18775830711
-3.79687488547	-3.02940322613	9842825655.17724990845
0.73623120086	-2.59827286097	1.07205136799
-4.58528758269	-1.52464262868	35318830563450.61718750000
-3.27920899539	-2.94836328202	89668457.98541940749
1.49172239172	4.61359328729	1.27352788369
-0.41271748133	-4.88531340192	7.35787142275
-2.71439941800	2.57826268391	981427.12021594704
1.38490162607	-3.89909153056	1.15968598021
