Generation:
32

Phenotype:
plog(np.sin(np.sin(psqrt(x[3]))))

Genotype:
[14903, 76115, 82775, 34399, 64227, 88675, 39598, 55956, 95376, 99351, 99159, 2007, 26622, 55308, 82146, 92485, 39035, 89841, 60917, 37405, 56510, 32631, 89722, 97622, 98644, 63711, 39578, 11531, 84751, 22875, 9724, 44205, 61831, 6625, 45005, 71979, 19827, 70725, 75360, 79325, 2106, 96548, 76624, 55956, 84751, 22875, 9724, 44205, 61831, 6625, 45005, 71979, 19827, 70725, 75360, 79325, 64331, 34917, 15249, 63711, 39578, 87461, 80444, 98644, 2510, 14627, 61029, 21905, 82266, 17871, 47376, 71359, 21905, 73694, 2106, 38810, 98644, 65144, 76624, 55956, 17206, 54625, 49806, 50316, 80288, 48953, 2510, 81817, 74498, 91264, 89841, 60917, 2416, 56510, 32631, 42379, 43437, 81951, 10500, 57259, 11793, 55857, 63975, 93846, 50442, 61900, 83553, 52124, 69341, 46521, 61285, 94180, 82601, 86473, 44534, 80517, 71346, 74707, 38495, 5931, 23164, 29930, 26359, 408, 77843, 67894, 21471, 86128, 71152, 46752, 40275, 82791, 88436, 26856, 50628, 26414, 65095]
Tree:
None

Fitness:
0.18472851311815447