Generation:
12

Phenotype:
plog(np.sin(np.sin(psqrt(x[3]))))

Genotype:
[67598, 89135, 72770, 60919, 4662, 48484, 85336, 90665, 5253, 83556, 53290, 25301, 39638, 78598, 6278, 90455, 38186, 61344, 2634, 87051, 49453, 58923, 52919, 43882, 61764, 59268, 90258, 99921, 13963, 38264, 91315, 36369, 49890, 5764, 94707, 72616, 71182, 51831, 84041, 83650, 61160, 89212, 31835, 54839, 79984, 81561, 27349, 18596, 75238, 53227, 26640, 33147, 25828, 21350, 50799, 58432, 69922, 71960, 57023, 26063, 49485, 92923, 46459, 16743]
Tree:
None

Fitness:
0.18472851311815447