-2.55301922651	-1.18991405275	-0.54735417796
1.26899779717	-1.83706108869	0.95511104773
0.21269547152	2.31199210449	314447.83737170172
-0.03696924585	-1.01718029392	-0.01841089376
-1.37373807759	3.35140996983	56834956.20698167384
2.32241130311	1.37454142678	2897.40737172388
0.06758604070	-0.02717961287	2.68632943078
2.33905012197	3.43993136806	88478411.03363318741
0.29349526911	4.39553031111	10517052708.59215927124
-3.58000214671	-2.86675438023	0.42450169984
-1.35764931969	-4.24804117307	-0.97737004620
-3.65503992634	-0.19535675338	1.62074331879
2.93018820874	3.13058034504	18840399.37264556065
-3.48534998819	3.08153358112	14743018.65411129966
-4.25269778451	3.81437354073	575344755.51210224628
-2.74208716857	-3.80573611452	-0.38896279992
-0.01309660076	2.43915695404	593858.90522422374
1.94423394275	3.99173339417	1396561889.81449389458
3.25836353582	2.75351086255	2859526.35995234735
1.26081487018	0.23057066361	10.45399054723
3.36699042482	4.16395487417	3303956938.75884580612
-3.25288881205	3.78074998520	486312614.56233876944
2.35713839328	-4.34936266679	0.70643902709
3.44057685199	1.46935260756	4653.20741813623
3.54209679663	4.59847879709	29012896474.62505722046
-2.96043023997	-0.49969836500	0.06645358618
0.92759860331	3.61975849068	217433745.94912123680
0.29070332824	-4.01191963932	0.28662612012
-0.53259858875	2.22019474474	198706.36415078427
-2.22484319653	-1.59483717836	-0.79259547079
-1.60217018826	3.32873597958	50743402.47142757475
-2.38427152338	3.34245244636	54345616.10437237471
2.37023400275	1.32170811168	2224.89770539660
2.38167915765	3.41123326263	76651414.01452153921
-1.71998064275	3.40103269001	72839993.61419905722
-1.92214254868	0.11538579430	4.40277536316
2.78317515470	-2.70926057954	0.35079666181
4.73838585533	1.50766447498	5635.02733737729
-3.22092989400	4.23224274373	4648572440.31661224365
-3.40609884485	3.06891230833	13841388.78988808580
4.58114710248	-3.24507220338	-0.99139986987
3.69707146074	-0.47915292340	-0.25404119803
3.06002706550	2.52087836995	893591.69211732538
0.58964902088	1.78973956513	23094.14019194087
-3.47867814125	2.78325728466	3318086.47463624272
-1.61541645733	-3.75140442778	-0.99900466570
1.86997226831	-1.33986185701	0.95927497788
-3.70401098019	1.44026423005	4024.13780293385
2.80640618551	4.88553442055	121877757473.60617065430
0.94124228469	0.18069709222	8.21286292081
-2.19612583555	0.25243226884	9.78837784984
4.91445210680	-0.84484694175	-0.93574501746
-1.15038432010	-0.94848591616	-0.88676854065
-0.47105670933	3.82653256514	611408037.65421187878
1.76090322514	-4.21161351211	0.98198404295
-2.48846534035	1.27125559143	1727.68662432416
2.06851761265	-3.87229195553	0.87867276797
-3.69024387157	-4.45570118364	0.52153688473
-0.60935127276	4.43621377343	12889529547.47017478943
-2.03897535606	-3.65592765882	-0.89239146768
-3.35821638623	-0.38768290900	0.64672939471
4.11029429485	4.63706718036	35187199064.45281219482
-1.25583984012	-1.58394738417	-0.94971936533
-3.04343396427	-2.04455130274	-0.09789213464
-4.14076239661	3.68957999576	308277919.51984083652
-2.61429387375	-3.04010991691	-0.50320011691
-4.72908133269	-3.60154362259	0.99986073126
0.23654693292	-0.14204890907	1.70891906931
1.27430736835	-0.13204334571	2.50658617286
-0.56008736191	0.73976126685	120.66589759354
-4.84392707657	-4.67739870780	0.99136133133
1.53704687340	2.74194919650	2698910.25832359726
1.94701554654	0.33977135209	17.33313916739
3.66257019926	1.14519119799	919.68132909988
1.50042864499	3.42903383833	83786419.36327223480
1.31296060183	0.00710539396	4.07544088616
4.75444472910	-4.04371391425	-0.99911578237
-0.17302364582	-2.96111034051	-0.17216051573
2.74467818191	-1.32628022824	0.39052947725
2.76936614033	-3.00826212749	0.36369125368
-4.79732365388	-2.64821994000	0.99640054670
-1.89320275799	-1.71862736753	-0.94791956650
-0.83724246543	-2.90364395353	-0.74279825363
-1.18068624939	4.40610531769	11088106419.08615684509
-1.36091438117	3.04423451604	12234676.19375313632
0.88379246995	-1.87363159446	0.77340590864
-3.88258992902	-0.20702117745	1.74059033966
-3.63157778976	3.54929774723	152870394.84861141443
1.92031393324	-2.01476574734	0.93966452179
1.19927238398	4.90514478938	134433600237.76838684082
0.79210239100	-2.73458869431	0.71183491918
3.73820953242	-2.12420941288	-0.56177384578
4.06153610335	-2.46257774323	-0.79555387913
-0.33721794107	-3.10964793818	-0.33086247552
4.72803585690	4.07419417729	2109218158.19370770454
2.43760772722	1.87474694144	35325.67510844940
4.63385822442	2.21207143977	190796.79926267042
-1.35279507705	4.32117707139	7251670154.81826877594
0.62339269585	1.34682280609	2522.37902152384
4.82729241127	-3.66577329202	-0.99340582778
3.11073498941	-3.52133078504	0.03085283503
0.86001995710	-0.93312664813	0.78609543988
-3.02583330650	1.77208150712	21141.94711999874
-2.33968022537	2.59561398141	1298449.79074438894
1.46132654793	-2.65161265055	0.99401940364
4.02710261668	1.14453705135	916.40007580291
1.43626839369	-0.13041010161	2.55389399970
-3.83222464451	4.57644653003	25986550140.16619873047
-2.82112898984	-1.00675130577	-0.29546377259
-2.84968298146	2.41470035175	525504.22003555216
1.22948686490	-1.30852567371	0.94663925925
1.59490751590	-0.19941068356	2.10660441971
-0.56412400825	-2.62997603386	-0.53466992088
2.71179808243	3.60350199919	200459399.24613484740
-2.85323245418	3.25571545204	35222285.13924340159
0.57919838635	0.63092122744	70.87875813434
-4.43714682202	4.14793115295	3049574939.40810728073
2.13599328313	-3.85170024682	0.84448314349
-2.31164253942	-4.84793335060	-0.73789770336
1.24260970700	-2.92797452879	0.94662971651
-1.45503773735	0.23429112923	8.68675095165
-0.71294068372	3.17745350309	23816276.14800994098
-3.30138656807	-2.40805898255	0.15913245465
4.38469443003	-0.35098193925	-0.42801832210
-2.68006469903	4.79262284825	76589553712.85527038574
1.46303402495	-3.81510124439	0.99419927553
4.27591544725	-1.64930793237	-0.90546160329
-0.85430333862	-2.03447302980	-0.75399893545
-2.83939441164	3.05122261359	12669718.48638579249
-1.41709653288	2.17856352026	161364.93660485733
-1.96113108324	0.03513083933	2.65129560509
2.16201997428	-4.89168068093	0.83025926749
-0.33587657882	1.59486418516	8715.82309484484
-4.28838145659	3.77043454325	461865835.21842622757
1.10290582267	-4.18750259295	0.89252166793
2.35776390455	0.28713146567	13.31321555354
2.42348753393	-0.41257625393	1.03922071468
-2.25829527864	-1.34093711722	-0.76916013777
3.50277896613	2.28820882647	279192.04442385799
1.04014816629	-2.71126334797	0.86248311021
4.96989215382	4.45034830730	13833428086.05735778809
3.00753113965	4.29193609735	6265302920.92200088501
-1.82835888459	-4.00848378447	-0.96701371985
0.38483860732	3.80333223172	544442801.97714781761
-2.95404824707	3.20815541887	27767848.38116924837
-0.58048419389	-4.72261608065	-0.54842888247
2.00351963363	-3.56053923608	0.90782716901
-0.28599191488	-0.32148265582	0.31910679506
1.51288436802	-2.69193907343	0.99832785316
-0.42062971798	4.01600594332	1576766400.62941718102
-2.40029830781	3.84510477921	670903710.87108469009
3.68008064158	3.10490044372	16570167.14072978310
3.66790591380	-2.72756936972	-0.50234538437
-4.63694678536	3.12002995678	17872291.81757847592
-2.69890960088	-1.32330569043	-0.42435122126
0.14596348080	-4.02996390249	0.14544573776
1.27537627618	-1.00687407802	0.97621081978
-2.22539352531	0.25569656977	9.98026841599
3.41118632505	-1.97333996992	-0.26618418615
-3.73895167565	0.69764050656	98.74366773018
3.46161056950	0.32661339292	15.04407288416
2.17458586742	1.21798501590	1324.98821259854
1.32665589946	1.12448543892	830.64984681289
-0.37178865785	-1.18433155896	-0.35524021018
-2.96228414175	1.08460899878	679.52556464523
2.34526316413	1.88589608354	37350.88345914637
-0.20707795717	-2.96557996790	-0.20560007570
-4.62207205059	1.87324793666	35062.25156698179
1.36845948781	-0.80981316211	1.03191561817
-2.87615032359	3.45292341356	94416778.50194430351
-3.93737292392	-2.04571739143	0.71451816733
3.69022277577	-4.86104966839	-0.52151888435
-4.11214465475	-2.00643862374	0.82532951856
2.95331114804	3.60051293117	197485741.63762837648
-2.67661920587	4.49606229742	17385872285.22874069214
3.50208626275	2.39135038129	467597.63028586691
-3.97020922165	1.75061945022	18991.52957947492
1.94597657081	-0.90206479602	0.96342628078
-0.00425546117	1.12641220845	837.70687745267
-4.64482999236	-0.17155735506	2.27001777622
-4.85280809606	4.25054023269	5093919713.18216609955
-3.09256575805	-2.85262622817	-0.04900533999
-4.18202144200	4.38477320102	9966330448.42491149902
-1.02946684897	-3.80359685625	-0.85702437465
1.67634077609	-1.71344858213	0.99500606244
-4.62927026670	-1.67147579509	0.99725160375
3.86703783517	-1.17028671794	-0.65484127453
2.98877722412	0.68624128722	92.89396912587
1.67017000920	1.35008821260	2564.30168445627
3.02397457855	0.39820829613	22.08681722801
-3.85709824175	2.64358281103	1650397.52529059001
-1.13065018958	-0.40206567411	-0.50285535608
2.37886221530	-4.02684077645	0.69089800000
-4.08902064071	-2.48987552828	0.81192848005
3.11838421434	-2.78442468607	0.02320905246
3.69258140876	4.08808318739	2260898698.44536972046
2.39918119579	4.16491480141	3319852847.81263303757
0.57990287550	-4.07880971134	0.54794269736
-3.44292512735	4.65900369611	39266232762.41225433350
4.65947612334	-2.68904178501	-0.99859609685
2.03528966251	0.90363318187	275.89600125622
0.17284310318	0.27995594546	12.33490422701
-4.97559811180	-1.20531023845	0.97280141125
-1.96830242026	4.44186031534	13258621609.66501617432
4.54651271227	-3.63040190489	-0.98627400833
-3.95588149825	1.21175668244	1284.29102991413
1.16666221914	4.61960398356	32245108894.19633483887
-4.38473743513	-0.69789744907	1.03835028133
1.56274202672	-2.95093506868	0.99996873716
3.49574304433	1.62844704539	10309.42575572157
-1.45933746041	-0.26673933808	-0.20329076154
-2.69460710227	1.20167354165	1220.02394425425
-4.00148212042	4.47517462250	15661720716.86246871948
3.24463156202	1.29999606550	1995.28278786638
-4.74217580839	4.58079445642	26557673691.01507568359
-2.41376778198	-0.93276952569	-0.63695688188
0.49200455051	3.60673803164	203729246.89541286230
4.20957245533	0.97926294717	400.51116270654
-3.70061842057	1.27096312534	1726.29916743397
-2.93407988086	-1.05765304236	-0.19087512968
-2.40309505703	-1.78588554528	-0.67278037196
3.86561727241	-2.71215161176	-0.66240118466
-0.70955187238	3.84815010749	681197492.11121940613
-1.47582109488	0.02271064786	2.36526134419
4.24796886815	-4.81223829999	-0.89408145010
-0.58430742593	2.41545803496	527498.56173155317
2.39235467382	1.13771969776	887.11871962936
-3.87710883908	-1.08964605645	0.68388173256
4.18688746600	0.41247316266	22.72858918664
-4.49082333766	-3.67738475705	0.97555461480
-1.34410140350	0.07878801927	3.47402060162
3.67009026042	-2.46876455852	-0.50422342596
-3.66347816674	-0.57983532921	0.66372116500
-4.02645051055	0.22550787988	10.03797103062
0.96602787679	3.42398870314	81699285.50476774573
1.14686326756	-4.86204361634	0.91147813626
1.07865545556	-3.79300101051	0.88132330535
0.53749755078	-2.58090869081	0.51199547183
-3.56313690786	-4.85861810295	0.40917000788
3.08930536776	-0.54933598613	0.24468484045
-3.24367521311	0.72243110684	111.23936638904
0.37543547505	0.17661722521	7.62173232565
1.11796194033	-0.75877074970	0.96673670157
3.22790450231	-2.52248093103	-0.08619473056
0.73977655013	-3.83784914562	0.67412289800
-1.04240335506	-0.38121132871	-0.41762194286
0.32252617929	-4.57089421088	0.31696349356
-1.63569424280	-4.67560837866	-0.99789486905
1.64412715022	0.91660059432	294.42031436739
4.42415210233	-3.94602845611	-0.95874654640
4.16429060051	-3.65350262071	-0.85351689762
4.42121908337	-0.93535505156	-0.92998173134
-1.17211490900	-1.34659234754	-0.91800067235
0.61647778813	-2.53259257463	0.57817440870
1.69606715239	0.35366195568	18.57497996463
0.21252814924	0.66672055352	84.32846761777
-3.98576157328	-3.25789634548	0.74741949268
-1.24838028232	2.19810133295	177924.32931193206
-2.93761269804	-2.69095824631	-0.20256406537
3.06476011907	3.16259085451	22110575.13008567691
1.58890866929	-1.46590418428	1.00180363921
-1.32251947256	1.18446275025	1118.85380139760
-0.87537604762	-4.39410625817	-0.76778449244
-4.12226617365	-4.96838759443	0.83087234800
1.44988885758	4.85202539382	103076705105.93965148926
-4.64108510814	3.95408450770	1156928896.26880741119
-2.12574631652	-4.97025747479	-0.84992679174
-3.17694434853	0.50582055324	37.66208760663
0.11473155770	0.62848963149	69.59597418073
3.62959327480	-0.15162170985	0.93679466522
4.72845530221	-4.38829174539	-0.99987093854
0.16169221220	2.26235471949	245336.62898070973
4.61375029115	-4.75858209256	-0.99513914745
1.97724879791	4.80414060547	81129730056.04219055176
2.38501289090	-4.92616062438	0.68643830933
-0.67994189284	4.72508861080	54641272604.70700836182
3.21187452335	4.71143130832	51034557092.02244567871
4.83648786628	0.68182302979	89.72311800286
-0.96227340684	4.96001140878	176867965330.02496337891
3.15186975825	-0.23067439945	0.93643568378
3.79509153667	4.78245144598	72791826939.89631652832
0.04301089615	2.32476267642	335180.94491347106
2.06912106732	4.82387058761	89541247924.90399169922
-4.95583107856	3.92813954055	1016173553.99319076538
3.65173059668	-0.72691938569	-0.40911391788
-2.70994140162	-4.99709808579	-0.41837116486
0.74013259583	3.74145054599	399556212.46730011702
0.12562009113	0.05633781015	4.10138956479
0.01274729518	3.76198873261	442767762.21623075008
0.20671166505	1.57141461178	7752.04395617984
2.62231808981	4.17893839823	3560989454.80243253708
-1.78563717122	-4.08196290358	-0.97701033316
-2.60251308199	2.69701349243	2155815.24236928951
3.11564045181	-4.63324272581	0.02594928894
-1.31113922824	4.81452002259	85451295012.97373962402
-1.95813376067	-2.41162200646	-0.92590066495
3.46685376962	3.86841559782	753839679.98547101021
-0.64494359209	2.24035300507	219778.29753366020
0.97493727281	0.68651413833	93.69602425228
-0.57848463738	2.33281843317	348956.61728084012
0.37691683356	-3.50685654614	0.36805555613
3.34713742658	1.87330552706	35071.14895467510
1.90324741699	0.19905353874	9.06159067155
-3.58424942217	-2.88298890319	0.42834332217
-3.93354769628	-0.65785917466	0.82356823182
2.47284998202	1.03755567830	537.83085986593
-1.59799763192	-0.20247218775	0.09045021816
-0.53009661875	2.10601990535	112275.09140186499
-3.22337181526	4.58380694750	26960725318.96807861328
-0.45188388206	-1.47104434018	-0.43474336036
2.69333859656	1.26722779313	1694.26972483624
1.35659668152	-1.83535793987	0.97745707085
3.90999054283	-0.58755932851	-0.53603715554
-2.02404788939	4.87034714193	112965465995.54824829102
-2.03463328889	1.94805952384	50964.89593972553
0.89752508054	2.66984465048	1881981.85260536475
1.22333017382	-0.94855009465	0.96638247833
4.36290135045	3.71570463258	351294495.76006823778
-2.41836635185	1.56453030820	7488.88695812235
4.65667709396	3.58339188566	181283327.64408436418
-3.17786079215	0.38006855932	20.10082039876
-3.42783956186	0.26725198282	11.69671373889
-0.75537868052	-0.09562225327	1.17429523787
-1.74462259963	2.31994591451	327203.91574045538
-0.12065036077	-1.12658361866	-0.10962350934
1.14399760152	-4.32692011780	0.91029560896
3.61769247708	-3.12397377678	-0.45831574167
-0.12222322291	-2.17381935153	-0.12186203185
-4.22408734145	1.96475526956	55403.86172145343
-1.20169718861	0.85043809272	209.84477929911
0.51514671446	1.02358700844	501.46321951243
3.59300647945	-2.11485175656	-0.43616147725
-0.21905027520	0.54370170181	45.25579073310
-2.85165372152	-3.96724998995	-0.28589369932
-2.38058403962	0.34197193278	15.89490468342
-3.37218692719	3.88390166374	814529014.33791399002
-1.11516766319	1.91804363372	43862.27914362086
-0.94162381663	-0.28532458444	-0.08815938317
-1.13169435125	4.48830575602	16724508722.68079566956
0.61351301896	-2.07316275774	0.57583783077
-3.82434547554	1.53809855347	6562.98753635338
2.23175722092	1.38957398771	3123.57976262259
-2.03035488143	-4.60831426531	-0.89624838875
-0.21797616205	-0.57187656767	-0.04434177344
4.97665292823	0.18065296910	6.43765435646
4.39490157062	-3.82623493132	-0.95002278307
0.20997656597	-0.48389132355	0.47534682764
-0.95042748767	-4.68414326278	-0.81366409260
2.52812594001	1.87797616144	35900.59442333411
4.96732183629	1.67064948482	12730.85311024553
-3.11958723552	3.30713430086	45548296.95434286445
-2.48252318097	-3.08740129303	-0.61238088443
-1.47051726198	2.20654205213	185594.07740775245
4.59426945536	3.34089645750	53924450.37334111333
3.84627972251	-0.99531219340	-0.62710223574
-4.47717901144	1.06048466912	603.44111751881
-2.42629919951	-4.84641920212	-0.65583897356
-1.59763255100	-0.52516823463	-0.78250338531
1.22729462881	-3.97117016236	0.94158112401
3.95181996177	1.21165844114	1282.20900834209
1.24598453902	-4.41533127340	0.94771080822
-0.27234144821	-3.81015303696	-0.26898730713
-3.13840069631	-2.24641130237	-0.00315222346
4.90240772100	1.88772756114	37692.78749263647
2.79416395189	-4.50112736388	0.34048126961
-2.49418070243	-0.73315150589	-0.52636972937
0.74035091471	2.67826284550	1962886.90810958063
0.66449745668	-1.05423673121	0.63207617278
-1.86652236194	0.51085311439	37.62895945063
3.60533471546	-2.26217958480	-0.44726135826
-0.23215992251	-4.25578580995	-0.23008003236
-3.19409841380	-2.52805222189	0.05249135526
-0.94381508193	-2.91636953616	-0.80980091351
-1.20862333468	3.04217854576	12109549.81558863074
-3.41940666838	-1.51994820902	0.27575588011
1.09284883226	-4.07989968471	0.88794086219
0.55368820836	-1.95458117226	0.52599887850
4.04728763912	-1.44812959635	-0.78470370622
-3.19230846630	-1.74085129328	0.05119170928
-3.17953538966	-3.75379550763	0.03793365385
-4.09369694423	-0.38999932806	1.24146138200
-0.57475228518	-4.47872890335	-0.54362689306
-3.13877213242	-4.38109558417	-0.00282051651
-1.78499149649	2.48925714980	762911.07491700375
-2.88809394256	-0.55567273506	-0.06437206582
3.68676911104	0.87496791412	237.76271928861
0.30916459288	4.72433453876	54435643217.87672424316
-1.32843376554	3.24936234749	34121013.96119098365
-1.69797799875	-3.11635132374	-0.99192279388
-1.56747694821	2.67939182566	1973996.86410585442
-2.80282396017	3.75663482824	431072319.67990309000
-1.78709591652	-0.69684757017	-0.88466691492
0.47528716114	-1.98015883508	0.45774420318
2.12151032304	-2.66418593458	0.85215602750
3.70512254999	-3.13525127417	-0.53417313847
-2.05717795443	-2.29723285751	-0.88399916491
-2.94221550239	0.64595894772	75.62534683709
-1.49052092841	2.18432701788	166082.73991562382
-0.71508814808	3.46589274848	100742269.32167495787
1.23715053303	1.84504573514	30450.93545277664
-2.12367829820	0.83972685909	198.93494351800
-4.23666130512	-2.14760810338	0.88902480260
-1.90688106631	4.96922004874	185201921125.21511840820
-2.45454718281	-1.09034389169	-0.62138896725
-0.17613399456	0.14545564354	6.03309640784
-1.36496458466	-4.37583907660	-0.97889132956
3.97230082458	1.29972696697	1991.96426406815
2.07652948339	-3.12616384478	0.87482002100
-3.70871588945	-2.51057200460	0.53721847294
-0.73075711111	0.92236329082	301.33308744939
-3.74033464352	2.75218607128	2840648.25670271274
1.18329699291	-4.91152650027	0.92585689134
0.49607528091	-4.51612966869	0.47597759049
4.89782939541	2.11964801370	120191.81210466941
3.38899743336	-1.31510242343	-0.24070631241
-1.93371201892	1.40807517162	3424.51519536354
-3.60138317047	-2.84568211907	0.44376237454
2.10297982172	-3.90160829812	0.86170119524
0.42443905680	2.15813994148	145701.43228229761
-2.78463532981	0.49247293459	34.84814204941
2.54165013566	-2.15118722335	0.56465898591
-2.13690548258	2.43142308203	571332.26613241772
-4.54066570272	-1.58384448162	0.98638281050
2.08349910435	0.85078967468	212.01970749943
-0.59973957933	0.55783357382	48.23800497145
-3.33031636839	4.34968555751	8362640606.78937149048
-4.26828292086	-2.43696918433	0.90301043022
-0.92078203703	3.98262971723	1334417727.15566396713
4.14343808076	0.92003481681	297.66244069886
2.92127577109	3.09916643891	16101846.24190819077
-3.52696081979	-0.35973387347	0.87245728732
-1.29210382265	1.14765580105	930.62717752809
-0.72744000429	1.47633648190	4818.20484002036
-3.06003385638	-4.03815032384	-0.08146840286
2.67764328945	-4.37836549894	0.44748347406
2.16454924968	-4.59568716731	0.82884685264
4.82830846462	-3.86472465338	-0.99328884446
-0.56849606874	-4.35372797969	-0.53836527669
-3.77955088537	-4.75850990948	0.59555650421
-4.42304494741	1.54549578431	6810.57579552220
-2.22116334146	-3.24885573781	-0.79586136822
3.07221819797	1.10893328974	767.67697432999
-4.09929883176	-1.48635588997	0.81965026036
4.29158263116	2.74790000476	2780418.41734677786
-0.62197865939	0.30834777192	13.43548077365
2.51348018348	1.51704037095	5907.11966152500
-0.60094722575	2.63263539446	1562486.31018260703
0.62506043235	-3.32950880328	0.58514645696
0.35457555962	-1.61738871866	0.34811494366
-1.11694809264	3.22622679039	30393709.20948735252
-3.31238337747	-3.89364714520	0.16996163203
2.52703305728	4.89755567226	129428009194.94384765625
-0.35841765556	-1.93476343449	-0.35060415396
-3.25287146011	-2.93903754640	0.11105053302
2.85061622061	-3.98373098618	0.28688775627
-4.51848477351	-0.74365970635	1.05408511736
3.97719812020	-0.94561739150	-0.71517263366
4.46199963797	-3.26255348261	-0.96881577649
-4.12971924039	4.79206442970	76376006839.13946533203
2.70070455670	2.48564329075	749250.99409542477
1.84039040945	-2.83892771307	0.96388114125
1.61335607301	1.66669406005	12483.49468267171
-2.74089901018	-1.65618042174	-0.38929721071
0.09083284704	-4.47913118730	0.09070799478
1.06507690470	-4.59849789858	0.87482618653
3.65890853912	-4.41893504943	-0.49454902398
0.58428400504	-1.21646444100	0.55845091479
-3.68426444065	3.56254018438	163334893.71476742625
-1.15305404128	-2.54815426832	-0.91399843140
-0.20504410414	-4.82395948771	-0.20361034025
-2.98786885188	0.47842034474	32.65624656243
1.04311296810	0.48415478244	34.62767386734
-3.21474166978	-1.37106429287	0.07624529805
-1.33292150816	0.28564004677	11.54171488058
-2.41459272016	-0.50091900536	-0.41950502116
2.62008317061	2.90399097510	6068167.64169758279
-2.81388437340	4.93558641224	156534825585.48593139648
2.38090179574	1.46254027054	4498.35437325469
4.05448468110	1.03912331780	540.64689490211
3.61479375454	0.36967854224	18.59307903879
-0.30409515622	-3.67407343849	-0.29942993837
-4.99371296810	3.87649007679	784896699.31341791153
1.26548656797	3.60064190513	197613136.06398138404
2.83272051947	-2.67853721751	0.30398891690
-2.60362396282	4.39566310714	10524038141.33664131165
2.78306554980	-2.49458767009	0.35090685941
0.39388953278	-0.01527240985	3.16322513687
1.05336176152	4.89110105382	125317650866.54609680176
2.86805880096	2.56215443202	1098421.48629819229
-1.95275729457	3.48483237449	110748691.58855327964
-0.01985236828	3.27628178743	39037029.39559546858
2.34818548326	-1.17774100229	0.72105895214
1.57905602428	-1.67710908255	1.00065031277
2.66697742035	-0.31937182293	1.06459118924
0.68694779090	3.60518629553	202154693.05115047097
-2.58367641263	-3.76973599152	-0.52941955093
-3.57681747154	2.43067037029	569187.32726922538
-2.48011639909	3.07105244032	13990295.18839039095
-4.11173074401	-4.08393909392	0.82496377199
1.09671440109	2.98989210930	9323726.35838383064
-1.01269121122	-2.11139352752	-0.84818209097
4.71678020289	2.24900318044	229492.08812491831
3.12858353874	3.92308497696	990813789.95910274982
-2.74603043351	2.01524698949	71313.56443450705
0.55104498897	3.85390759956	701092427.48997986317
4.48571129194	3.59030951044	187663277.10740214586
4.11061767140	-1.06406204412	-0.80966045600
-0.39420427495	1.62822389330	10297.89165463974
-1.74994316076	2.12604433051	124097.89539125605
4.02762842198	3.77208723881	465698264.38653880358
-2.02443190467	1.61134508216	9463.92732469340
-0.99261163578	1.34069862796	2444.90844760709
-0.47195493251	-3.96757823937	-0.45462836742
-3.84804400796	-0.48832917495	0.91019105571
-4.33540516480	-2.57058588649	0.92978702956
-3.34225557516	-2.20122918287	0.19936879248
-3.30867601788	0.89953381961	269.58897066262
2.30138812521	-3.47551747393	0.74477970463
3.73326967704	0.62788348136	68.71347812404
2.16788743811	-3.95182845116	0.82697461072
2.24832529535	-4.81808646885	0.77912411068
2.28189849306	-4.30059947627	0.75764298770
0.37798194308	-0.81133973560	0.42096379064
1.74020323232	-3.36796060785	0.98568508045
1.17566103416	-2.45273830855	0.92295865435
-3.49653069708	-0.23447570308	1.27642108909
2.29473965059	2.51754670322	878829.91291745019
4.39328205164	-2.68111645024	-0.94951144973
0.53625725223	0.95443081390	355.03148812254
-0.26376341812	-4.92697318329	-0.26071565225
0.84845002462	-4.73058644269	0.75025654564
1.79820298032	2.33795249061	358031.93412698287
-4.62777466970	1.48339732445	4993.03137075464
-3.76404252840	1.85970734376	32766.65957158109
2.69550506444	-1.22186807205	0.43810534327
-0.27952302544	4.01877880715	1598779438.68123126030
-3.38837353230	-0.39490751953	0.66076010806
1.20201362964	-4.08733897821	0.93276685421
1.91845209424	0.76662149020	139.55786778343
2.53817880467	-1.49571120271	0.56915196710
-4.17517666168	4.72328569795	54150918826.37501525879
-1.53883685987	-4.82188441456	-0.99948933960
-1.44588595241	-0.60087144442	-0.84349701635
0.72328026775	4.94125523346	161035142734.51626586914
-0.95408638451	0.85867923318	218.82830232209
-4.38819548573	1.81311868253	25958.18410623045
2.45899817672	4.85624559151	105274835270.20126342773
0.06987116215	2.70647348592	2260235.90633274289
4.28268901713	4.89085453909	125163282785.08422851562
0.05847743410	-0.80469501004	0.11211616874
-1.10197088382	-4.86025843731	-0.89209961376
-0.78539791303	-3.53061251076	-0.70710653951
-1.81399839888	3.74067066304	398001209.18803793192
0.60650379595	-4.82317162904	0.56999830812
1.62322964928	-0.35283235741	1.51261670111
1.53040393037	-2.07110836976	0.99927978601
-0.68033583358	1.80811351606	25315.06672770450
2.00276962226	-0.06172938745	3.11146145424
-1.99792827668	4.51416481511	19032927913.34140777588
-4.16999367735	4.00144954992	1466082975.62711691856
-1.00367315514	2.75187275248	2836200.19195607956
-2.83742167279	4.12291506818	2691024005.91745185852
-4.95000962161	-0.94805803724	0.99810913676
2.33767469226	1.33221057739	2344.83968570316
2.16850762282	1.39418681341	3196.47843674801
-2.75007013101	4.85686614080	105601983657.14974975586
-4.04302488032	4.11020507221	2525330166.24019527435
1.51994202397	-2.19211447539	0.99875931868
1.24936687596	1.86743694527	34058.15805028978
-1.65693809548	0.24970659293	9.45938667371
2.79102607445	1.63717919436	10770.21947126266
1.81440667318	4.46064143659	14564013172.41485404968
1.35727780605	-1.98386184230	0.97743903718
2.65491182328	3.16668231868	22567557.01948961243
2.58576814453	1.97750092670	59049.17544701118
2.32011125672	2.90129640002	5986960.49283771589
2.32333802756	-3.01453130073	0.72995483894
-1.68598011284	-2.67855727828	-0.99336910036
1.07629127251	1.95501442337	52770.15615830629
0.93141247750	-0.88428995912	0.83851396125
-0.07717173687	3.75051317276	418077822.87817239761
-1.17883827701	-2.46970678943	-0.92414985114
-2.30193272910	-4.48019784755	-0.74441608860
-0.90601777648	-1.97673194550	-0.78690040952
-1.89089841804	-2.19932050298	-0.94915302302
-1.41760130490	1.88860207802	37857.96126272405
-4.22551631333	-4.37477178308	0.88380034631
0.89182217051	2.16874331909	153634.84807878395
1.89291488475	-4.57538238399	0.94856686122
-2.03645293856	2.79409955359	3502928.18701312598
0.54220628511	-0.25900994545	1.33767982214
0.15311070850	-2.33090768196	0.15253922181
4.83530916580	2.89647889312	5844470.65148588642
3.47348465113	-4.16654771251	-0.32583235444
4.37554977436	4.35918527805	8769439048.97975730896
-4.11537054802	3.41310350657	77371560.23554924130
0.95533894366	3.22979465609	30940779.46261915937
3.11677529438	-4.77309498858	0.02481481191
4.49394228847	4.30288132815	6617734509.89922237396
1.24760237105	1.67802042359	13210.75019749043
-3.88533344674	3.73492950190	386738688.70395296812
1.68647868492	-3.64936670209	0.99331629041
-4.87568231860	-2.13850855517	0.98676538289
-4.87589920022	-0.78537106042	1.04577859007
2.07988456194	4.19273022281	3815217084.52310132980
-3.42609933577	1.20659334994	1251.13123333790
3.34562060152	-3.32588702596	-0.20261518571
-3.51693719123	0.61708864335	65.99807615430
4.66032175301	-4.29762219496	-0.99864480672
-1.98585760675	2.12590146309	124009.34751301627
3.31100362367	0.90218720071	272.85228270249
-2.76298166187	-1.38068378693	-0.36661715187
-4.59199228787	3.15522844725	21311439.91088695824
-3.52981192977	3.36544901997	60967859.79707775265
-3.31635020976	0.86836700570	230.71915665684
-0.17484474438	1.76486205957	20392.32851880538
-4.86986498940	-3.73149823248	0.98762627976
3.79782449166	1.74095920623	18094.70442690182
-3.14803368548	-4.37441344187	0.00644098831
-1.87518684316	2.02057899096	73239.79629512875
-1.42020062321	-3.23105175268	-0.98868159261
-3.01368660345	0.93089851351	315.04013552639
-1.82182879106	4.03916613525	1770349752.67020654678
1.30750981216	-2.08087755098	0.96563075933
-0.01546745878	-3.32954015272	-0.01546666539
-4.44869630977	-1.00055363796	0.98559204037
-2.50084751805	2.90989890768	6250091.93630345352
-2.79770433412	3.07026105274	13935046.11499855667
0.50006678818	-2.85864398572	0.47948601028
3.41943975430	-4.51912661662	-0.27428595368
4.74131450579	3.35030249734	56521110.17232852429
-0.85967208602	0.91647697419	292.48406437361
-0.05345448574	2.36277721358	405346.77923262463
-2.39576772573	3.54800887660	151888410.41292327642
-1.48224469310	2.28629285020	276529.54219217203
-3.71143805678	3.74292824024	402519254.60930407047
0.45429667942	1.14288504758	910.06846942622
-2.61117164042	-0.88122827490	-0.46929003588
-4.77880517744	0.32199786052	16.00606838788
1.88557204316	-2.78985039027	0.95086846621
-4.22254922084	3.41407682848	77749015.17856429517
0.71898551407	-2.10031756909	0.65870411474
-1.88738542098	1.94477567258	50134.85214603650
-0.46546309322	2.20020185012	179803.35185796980
0.71999468039	2.81641625638	3916440.40363006759
4.45885173770	4.50153109376	17867830558.60457611084
-1.00612853671	2.08157189528	99355.86328064741
3.79313274164	1.06134569169	604.46152698325
2.56953087528	-4.83037771626	0.54136671380
2.35545779388	1.01964824564	491.90867869714
1.83604763681	-0.93867997861	0.99249316631
-0.42636948885	-4.57842399098	-0.41356805174
-3.81693554958	1.28119491418	1816.97986519502
1.47819097827	3.53589499067	142961689.81922712922
3.91893942660	4.16049585729	3247306027.41435003281
-2.02631207534	-3.53671332179	-0.89803419398
-3.42265404253	4.57002084338	25164912637.70597076416
0.82238775540	2.53738396478	970467.18410879909
-1.96309709638	1.82916792338	28125.13815862980
0.97195856788	4.06686776743	2033351240.50883889198
1.59749439741	2.25300500668	234132.29355011357
0.12581710570	-0.44261999763	0.45356873516
-0.85171113587	2.54278113615	997011.13238057808
-2.58513193457	4.51287420576	18910502971.62178421021
2.22951187004	3.76997279299	460800731.73772084713
-1.24585893126	0.47398562468	31.14219954339
2.46907806231	-0.70271750795	0.71232456348
-2.49893766165	4.54539699849	22249764942.33882522583
2.08784780521	-2.16412946334	0.86934041494
-2.12649229164	4.21213661391	4203970858.15724802017
-1.46282601639	-3.20566667087	-0.99417653813
4.68192763496	0.84013079684	199.19033524978
2.88317983683	3.89735652911	871211155.72325229645
2.55540082541	3.11591962595	17508734.87384026870
2.43789810477	2.35595840766	391760.50623199379
-2.73120330403	-0.08537660013	1.55865330521
-0.28582348927	1.02461396196	503.26759230997
-1.98335479275	-1.15638355171	-0.90684960089
-0.06136524070	-3.04987041052	-0.06132601900
-1.31276094672	3.11373816995	17318798.40632900968
2.64710278627	3.74888618329	414690578.55064845085
-3.98960595990	-0.27170237697	1.52109674522
4.04654901879	-3.78485022405	-0.78639818348
-4.69808690246	-3.48418609785	0.99989780855
0.14708575691	-1.23572465627	0.15277582334
0.18911248071	-1.94457296395	0.18816696748
-0.71301747193	-1.62737720738	-0.65324149543
-0.77442497777	-2.68491903727	-0.69930071671
2.24682776339	3.08013968252	14640624.96667583659
-0.21306404329	1.18707446133	1134.33085191949
-4.91242137228	4.64067079534	35826950893.53160858154
4.69748895683	3.14437647198	20185893.94799597189
-1.64229121794	-0.16132968192	0.34160932013
4.07959104838	1.63050171808	10415.42813888740
0.63015007714	4.59362325479	28317011175.57836532593
-4.57402258973	-4.72532209479	0.99044263393
4.55196194846	-1.19202174439	-0.97942026492
-3.31985376239	3.33122220242	51378137.74302794784
2.38653916095	-3.31108147049	0.68532781858
0.26614256603	-3.69718124929	0.26301180697
2.94582093513	1.19784231257	1197.49398574522
2.02226813150	1.23435291256	1437.99172715738
4.89372031221	-3.03163294653	-0.98360368973
-4.90961319199	-4.65210964607	0.98061426569
0.78786106796	-4.65805998303	0.70884617156
1.56614460667	3.93845624798	1069966877.70545947552
-1.71644489985	0.48944014191	33.67844681214
-4.43142877380	4.75291896888	62799134789.27303314209
-3.05943997050	1.11207817984	779.69120184641
2.83715328618	-2.33535926632	0.29978383591
3.65075450471	0.62887935069	69.12957194042
2.89620067772	1.29013108991	1899.59433612852
0.49896285254	-4.36769801162	0.47851509937
-3.21480767039	-4.48020650443	0.07314962412
-0.31168432226	-3.53637085473	-0.30666217679
2.43453619258	2.05855578995	88556.72391194767
0.51852152542	2.71663927455	2378091.58705500700
3.68170402209	4.25130390550	5113407333.18840408325
-2.32647620234	3.91608908261	956754801.63801729679
-2.79297547900	-2.73733563238	-0.34159507906
-4.16229074921	-3.46060182007	0.85247326550
0.09186486709	2.52357209559	905708.57118394552
1.15269480706	1.53777902482	6552.79453247444
2.71979336109	0.62415184607	68.40014267745
-3.16219903780	-4.96402040700	0.02060492597
-3.08398723562	3.56849804236	168273720.48273688555
-3.13515037880	3.83902156200	650804663.21184563637
-2.42861742763	-1.19703895975	-0.64654000980
4.35433403806	2.92462699267	6727721.68296067230
1.76458959077	3.32974271095	50999473.27409396321
3.93124596188	-4.72909552770	-0.71010921223
0.33127786483	4.75163926584	62398596361.95623779297
2.36608289417	-3.67043315650	0.70008019940
-0.27938818161	-2.78745937766	-0.27576494948
-4.29382896236	-3.15595943859	0.91367558191
1.80893682883	-3.11385143250	0.97177882221
-1.95047857326	-0.65528582526	-0.81549386174
4.50044875106	4.76491463419	66680971187.03578948975
1.60701612697	-4.28383941677	0.99934413624
3.48356135829	-4.10718077129	-0.33534244660
0.49297112551	-1.43363101317	0.47555755890
1.09240978791	-4.37562292064	0.88773883161
-3.85310035021	1.33952298603	2432.06444463541
-4.98208565266	1.70758066986	15314.85537190670
-1.78829566941	2.04418785186	82416.39795497303
-3.11097863291	-3.00293162800	-0.03060833455
0.52060020498	2.47223457240	700665.48871467344
4.54754441287	2.43483711960	581168.60363507748
1.63817568894	-3.34053624824	0.99773103666
4.01899884807	2.08264584293	99890.89347641480
2.73271980441	-0.94841899850	0.42373641536
-2.81198450021	1.78591403275	22655.73196902233
1.44327582264	2.62742782667	1522329.17748871818
-4.71594738276	4.71458576659	51845870312.63033294678
4.45440790370	3.35433003953	57670853.75109260529
-4.46454137027	0.47146995119	32.65820270986
-3.48899682670	-3.42043863681	0.34045831810
2.22694186730	4.18043722734	3587776275.20549297333
0.52169530585	4.75929393632	64833090787.52410888672
2.82966824798	-2.19325444881	0.30694257037
0.84209634956	-1.99922310184	0.74617744800
0.58616609234	3.65929862143	264964231.11719122529
3.43618666783	2.25203169191	232994.35435566804
2.67492296064	-2.39020472349	0.44993394112
2.48134203993	-2.65322628450	0.61332001209
-4.30630602692	-2.25151221872	0.91871388227
-0.68537372387	-1.62298065658	-0.63206523936
3.09848993853	1.75278095449	19197.19216043575
4.61163523127	0.80698167899	168.61829394279
2.64818163446	2.91740107978	6488991.99890629482
-0.36114646977	1.94863528297	51112.36842150750
2.79504265496	0.56710753005	51.45833241970
3.88603947910	-1.30994637722	-0.67327357762
-4.06142002793	-2.07119575668	0.79559243433
-1.67675465709	-3.52601738292	-0.99439160007
4.60088951067	3.76527215261	450096719.34693044424
-3.10681858179	-2.01339232358	-0.03463968560
-4.82411195083	-0.17789325562	2.22639043962
-0.12090661388	-0.46743877900	0.16918271786
4.71418089196	3.55598805911	158070639.71819707751
-4.29136082292	-2.45645007915	0.91268311559
4.11783048488	-0.90821155274	-0.79640951751
-2.62722057754	-0.01326546795	2.31548517046
-0.49252742859	0.25027773651	10.01272549247
-1.27759434327	-3.30929128319	-0.95732315500
-1.71826858747	0.11029892108	4.21839079289
2.40466694045	0.64043197742	74.42873933796
3.32764020021	1.94469068044	50114.31625235514
-2.20244877972	-3.67682087094	-0.80705284046
3.28444804444	1.95417842755	52549.01947122372
-0.45335197678	-2.84594899747	-0.43797938012
-1.53470835826	-4.33355746873	-0.99934889876
-3.12031838539	-3.87495012759	-0.02127265191
4.06032844357	-4.89750639023	-0.79483510048
0.59866818603	3.28735248197	41258788.89561084658
-1.00942353647	-2.68135453585	-0.84652059087
-2.73212083023	4.06114731909	1976016692.59519100189
-2.99284577542	-2.62911202332	-0.14819310242
2.91768475060	-4.66298681280	0.22204165979
2.46196140134	0.50107446803	37.37286200253
4.08214345547	-3.15903868174	-0.80788241990
-1.14894322468	-4.53776123450	-0.91233175080
-4.92512176072	-1.41667471206	0.97997440279
-1.73303728756	2.07151896354	94485.02749428872
-0.25594798014	-3.28035434418	-0.25316239483
3.24932535572	-2.59190263851	-0.10751736490
-3.27708605442	2.22811830754	206737.36110730059
-2.72011005631	3.16660660091	22559013.93502904847
1.86347842458	-1.27263182695	0.96264521406
-4.15502313289	3.22919851764	30848691.86646706238
3.88985364879	4.37067100170	9287797670.11549186707
2.26818789777	-3.92424633347	0.76651998857
-3.98959466073	0.02938410383	4.22474596402
4.07711105843	-1.50355525043	-0.80327678991
-1.04892447247	0.54871771060	45.76109482971
-4.04212754122	-1.17843346343	0.79194224786
-1.33558373328	4.34854231652	8314974402.92921352386
2.83813644387	0.53445321627	43.71700560145
-3.40000051554	4.94672560995	165500547250.82525634766
3.17553931646	4.50749399525	18408572042.21126174927
-2.91501335966	-2.78493099250	-0.22464287987
-0.09499447379	4.58140283112	26638581767.61614608765
2.43236623747	-0.57962800316	0.81662389235
1.18440217908	-3.08337296795	0.92627455212
1.72545152993	-1.55160660213	0.98934659054
4.49702838217	3.60848563424	205517234.61221170425
1.97683594871	-3.89634189523	0.91869228040
-2.90194220588	-3.56421884929	-0.23736302386
-2.15689426961	-3.27544214492	-0.83310506864
-2.73164052820	-2.66001816028	-0.39856039770
1.65499991841	4.05977661388	1962520313.81637835503
-2.58354328531	0.48744118833	33.79355491211
-2.32336266356	-0.27827093247	0.01627721368
-4.98562729269	3.46327267331	99431116.39881600440
-2.43374323432	-0.60989369263	-0.50804903420
2.69157549835	3.23011967675	30991101.92140766978
-2.74800747192	-0.87379066627	-0.34550846417
0.04298552719	-3.11523013619	0.04297280643
-1.70361025101	2.18189861647	164078.34892248249
3.51254403566	-1.92582113329	-0.36230491012
2.98279750378	-4.84744377050	0.15812863037
-3.84125098796	3.72846294976	374434347.77440524101
4.07098972442	-3.42344169907	-0.80125923319
1.34506947789	-1.61450929531	0.97556764837
-1.77745125046	-0.05427339028	1.30828735779
4.85644600927	-2.14084832385	-0.98957436957
3.11109049805	0.96731276141	378.13707067807
-4.78960161427	1.73168163039	17276.07980249315
-1.26301216942	4.90950607837	137397315747.90393066406
-0.71799849902	0.30182910983	12.91071511970
0.24641341992	0.52812701470	42.31024483816
2.76434503664	1.56334580146	7445.69111701968
3.71031193872	-1.50764543466	-0.53695634977
1.72952489550	-1.68868926449	0.98807496809
1.33375733737	1.65320730147	11669.47919856251
-3.10262267943	-3.88659777106	-0.03896010033
-3.81860820909	-3.83158330795	0.62646961889
3.17856286506	-1.06411263348	-0.02229179306
4.77050364391	4.90320298169	133134695007.04342651367
-3.32780407488	-0.70267091200	0.27452752258
4.70648661083	0.34017433011	15.43617994178
3.60965475220	1.35317254541	2602.69229947081
0.39819794483	1.90305166461	40695.79869689094
3.58362271032	4.66599702528	40663528217.45890045166
-1.49801333899	-0.80866818751	-0.94473615201
-3.34054393044	3.68500588652	301307447.57766026258
-0.42151985467	2.42382288499	550028.82764194207
1.47063818835	-2.67870762320	0.99499294024
-3.05477414751	-2.81053229738	-0.08670711549
-4.52587182743	-0.90503556297	1.01515440858
-4.45335276057	-0.15026454183	2.38186378503
-0.50541215167	-1.09491482201	-0.47159206332
-0.40885390754	-2.63622253817	-0.39755230350
1.42235221429	4.42987775565	12487588487.91903114319
1.55733719374	2.80902151704	3774279.79174096324
0.78250055159	-1.38264043430	0.70803859835
0.40428841367	3.54953379932	153050928.16882857680
-4.75670975416	-3.69722234945	0.99901802337
-2.83353680863	1.47858669131	4873.09007186911
2.22747502250	-1.34003488735	0.79571630978
-1.58078709385	-2.12154832273	-0.99987592111
3.98667190651	2.23499681523	213970.37908016430
-2.93028892370	-0.21936676404	0.79204524040
-3.98593221252	-3.92071925773	0.74753260288
-4.76943635352	-3.37986496159	0.99837337721
4.10707256824	0.88864771770	254.32749155788
-2.65033717814	-3.68078435110	-0.47173323371
0.39800947818	-1.01434301002	0.40639914417
2.98106586301	0.32043795048	15.05150891462
-4.29346337777	1.64634097077	11275.62013372644
-0.56849551177	0.85637345565	216.58801227685
-2.34866328625	-1.70739298499	-0.71182378965
-2.69996153254	0.08443224056	4.14834848314
-3.69265372564	3.37486456441	63906722.60523646325
-0.21845131143	4.15993943187	3238284165.56458997726
-3.88848427214	-0.95656649890	0.70447785556
-0.81445383881	-2.83971820927	-0.72734885011
1.73930284231	-2.40767278242	0.98585407774
0.30102617209	3.43458622418	86145080.29169167578
-0.01466092501	0.02150074489	3.32582462382
2.95868567414	-0.86897965425	0.22080731001
-3.88883762356	-3.65942650335	0.67962038483
-2.08615808801	-0.83284510046	-0.82348924348
1.43184080221	0.98783595096	419.95731326841
-2.20088736129	4.71537014603	52049603733.57488250732
3.47112758000	-4.87699661966	-0.32360301398
-0.08970188416	-3.48361184075	-0.08958155416
-4.52561044121	2.56351601263	1105925.65631913254
0.72498589842	-1.21922645048	0.66987956566
-3.87235182214	-1.25214482491	0.67316474270
3.27661574425	-2.80996687054	-0.13461081822
3.13925536522	-0.71454854828	0.08657349202
1.73352143125	-3.17399197632	0.98678984398
0.12091887258	1.83633156616	29151.86756830053
-0.84408615162	-4.74788448236	-0.74736425003
2.91680208676	-4.96314449587	0.22290220307
1.14442580534	2.06841510704	93031.88944333803
-2.66340162998	3.97538707674	1286958696.28817915916
-2.70598405178	2.21886123997	197385.97419853738
-0.75474464691	1.90908136865	41940.31423196267
-2.58104801033	-0.05887872195	1.70330203230
3.72968700579	0.14240610270	5.55959997036
2.59745122289	3.79832301027	530975979.04491657019
2.19662101070	-3.48174847352	0.81048040601
-4.57861786717	3.21187031678	28288443.08379350230
0.83803050296	-2.06387722988	0.74342607263
-0.67499627623	2.56668792607	1123603.35807813704
-3.22788194444	2.98741296287	9208864.51538375206
-3.81932152040	-4.01026209805	0.62702543853
0.44719730752	2.65838003840	1777134.37620955124
0.06509932664	-2.29559607847	0.06508442228
-0.61501969668	3.51880796246	131254939.96745015681
-1.91103390916	0.47440303315	31.21423770470
-4.09042253669	-1.64329601877	0.81354480391
-1.82359339494	2.46730047818	683589.76863392210
4.77414068641	3.86911472407	756479435.96718251705
-2.98894219324	-2.38537505784	-0.15203847202
4.34056836098	0.02107914714	2.40178329883
-4.65268054821	3.07949424152	14593453.04724140465
4.55994036549	3.28956200733	41717126.15599152446
-4.65345685201	3.75808960169	434219315.39246445894
-1.55826295408	4.09493602296	2339709008.04203176498
4.49089095840	-1.39463215635	-0.97275937902
-2.76343199703	2.00650426837	68263.34478288481
-2.81049542682	-2.78428788998	-0.32507815765
0.13239462001	-3.08011087119	0.13200879744
2.40649827975	2.35744468730	394682.69781311532
-1.43879421475	-3.13752982003	-0.99129990311
0.29425963221	2.86370604536	4961122.45215898193
3.36477107769	4.73365552281	57032658834.22705078125
-2.45227186203	2.97683585301	8734501.93875974789
4.14234014733	3.83401751695	634723400.43660414219
4.27745858862	1.92821048203	46149.66808184988
-4.31511198329	3.28352884004	40477487.43237610906
-4.68135446313	-4.20691429672	0.99951847022
-0.15996032797	-2.90925659575	-0.15927759657
-0.32060702546	-0.06163300036	1.88923948432
-1.38492738416	4.14355972157	2983643065.99250221252
3.94359628804	-1.23666639860	-0.71255997355
2.48950597330	4.70808714142	50188311393.65399169922
-1.06992709070	3.60398922316	200948336.39447274804
-0.27896062420	-0.61945924377	-0.13984309054
-1.37233501911	-4.98135008475	-0.98037110846
4.31189088505	2.34638003240	373439.01288765745
0.12733174207	-0.36201041065	0.61792479629
1.53800225236	1.74490279827	18456.65766356714
-3.62722283941	1.85208227575	31540.83915753338
-3.08141423749	-0.66253317151	0.04911476886
-3.34460211731	0.38158314237	20.41870212315
0.07702943107	4.89618276633	128542589263.90969848633
2.13951596176	-1.15427719792	0.85193752058
-4.56813389421	-0.18500323770	2.17918826538
-0.76853619770	-0.59619732720	-0.54285538028
4.82274311729	-1.82619663895	-0.99359238180
0.31574892071	1.01454557338	479.13790793613
1.21289835560	-3.88613759358	0.93663525701
-4.99884784304	-4.91316860482	0.95925046155
0.24884762479	0.43792248384	27.04153925100
4.79405047926	2.90377678153	6061670.81372259744
2.66005662929	-4.03522931276	0.46314108119
-2.05364845505	2.06273772692	90426.36290348331
-0.42748438435	4.20834008557	4124921046.86661386490
3.87243112789	2.26464723671	248164.17013674966
1.06277657895	-0.92859745894	0.90259618073
-2.06262981299	-3.70098875725	-0.88146846239
4.47570760757	4.45109140099	13884921353.23438262939
1.74628125714	-0.02268880274	3.66290452385
2.19805627770	-1.46080952000	0.81165718855
3.36589919601	-0.54073793853	-0.02155632432
-3.35352648790	2.96499535631	8232407.81730855815
-4.06145986254	2.58161716217	1210687.28031489043
-1.32306567304	-0.60559518973	-0.82423078007
-0.57363566418	3.43617945632	86834065.64927196503
-3.39649949724	2.03088457031	77113.86772715203
-1.87552408423	-1.53857717194	-0.95256048937
-4.66733323742	-2.19369374725	0.99903687186
-4.73622056308	-0.75198860493	1.06957124231
0.68657317022	3.21616226952	28902066.57213601843
3.72057032650	2.83133616067	4219777.51195704006
-1.77677640143	-0.95696187058	-0.95379385356
2.58842279421	-1.40892790598	0.52800319476
2.33210736564	3.71373511459	347852070.87724179029
4.26427172814	-3.21502373948	-0.90126412315
-1.22280811342	3.63794933222	238137535.70599809289
0.82984852745	-0.76213380955	0.80422923466
-2.56678008389	-0.85721725735	-0.50240148844
2.52378572416	-2.50341046378	0.57925986275
-2.45414990557	2.68623543916	2042712.57021174883
-4.02167738462	2.40964009014	512376.12000226701
2.67688538115	2.02316333882	74193.73734279456
3.86019499149	1.30716496917	2067.54826798627
1.82974768397	3.28539097775	40856120.67974688858
-2.46481370730	3.32425504831	49619155.54300364852
3.80415255752	4.12682572418	2744160151.47094535828
-4.06587194199	-0.99493654203	0.81891894052
3.48751742565	3.84796850188	680579226.72051751614
1.03718352684	-0.68619121265	0.95804302766
-4.97352521997	-4.13954408955	0.96609725235
-1.95039386549	-0.52695930251	-0.71361314708
4.33671190499	-4.77622267626	-0.93025941440
-4.06103414142	0.79966954010	164.31929921443
-0.25980375318	4.45433549044	14111977486.13469123840
4.69723473402	0.36544480274	17.64993123871
1.46836367203	-0.43840768358	1.32982490478
3.97602314119	-2.52512329203	-0.74090428732
-0.61931109388	4.27110303356	5645516099.74412727356
-2.40368347073	3.24269685990	33002588.89788940549
0.93000545801	4.91848712832	143707803155.82101440430
4.88320616980	-3.41741499556	-0.98544606997
0.63219982121	2.56306827008	1103452.18629647349
-3.53990231634	-4.70340142744	0.38786088319
-4.53905154696	-2.85999016636	0.98501649231
-3.04544947855	-3.38365517507	-0.09599499198
-4.88824518947	2.99861144160	9739200.59440560080
2.30601360708	0.39991705835	22.89966232620
3.02178658431	2.92460627533	6727025.87277862150
1.94611990215	0.21407769634	9.67992593104
0.09534756052	-4.44967785863	0.09520315689
-3.67669166566	3.07703133356	14414842.91787385941
-1.09287269866	2.88281346394	5458471.94874977600
-2.15121061722	-0.51761264275	-0.61073910107
2.08685083840	2.84850151326	4597945.09930692334
0.08425877074	0.28481433419	12.54615842699
4.23483396143	0.89762676397	265.97773158464
-3.32236793986	-0.57633149274	0.34791767576
4.19124803308	-1.84429550719	-0.86695502351
4.21852455506	4.10395901697	2447682200.64362812042
-0.84886465075	-1.03086348810	-0.73320734938
-1.14120838982	4.52112013083	19706471923.79967880249
-2.36472533569	-3.35035396283	-0.70104874665
2.65744180936	-4.52379604316	0.46545696507
-3.84866890277	-2.37834404253	0.64963426757
-3.27186495832	4.19186814079	3798807325.30798387527
4.09837217097	-2.94311374171	-0.81733909259
-3.28699116968	2.63311409388	1566231.30752078234
-0.07273025343	4.34246258841	8066013690.39874649048
2.69053164519	-3.37976441531	0.43592080847
4.67409786420	0.45554647606	28.26434021718
-4.27781758242	-1.33660479332	0.91080653519
-4.17677750080	2.97521521366	8664012.03033649549
-0.39175945762	3.87324760100	772274251.64724111557
-4.32993811604	2.01739466036	72084.79842318555
-4.47358101027	-4.55018603750	0.97162063371
-3.46090459864	-2.60872268562	0.31391985168
-3.65023063450	2.68528242474	2033003.17002569186
1.47342181334	0.27866514338	13.07993645270
-4.74212897424	3.47564837801	105778113.38475844264
2.66632828715	-0.70008066670	0.54812914913
-0.14985454826	2.08592009217	101540.32398734872
-2.05889229946	-2.93828237322	-0.88322609379
0.81620085332	-0.33438880563	1.29219309164
1.25090002114	-2.42751098238	0.94928409555
-0.53874185776	3.49459452181	116288518.94535206258
-1.05031473200	2.49150894140	771549.31617360539
1.98423920034	4.28069179663	5922777049.02512741089
2.64355415578	-1.01651865063	0.49631463764
-3.75173802879	0.29128866095	13.44500184782
1.84980555845	-1.60886894100	0.96229150595
-3.58041417879	4.47244771411	15449629497.61429977417
0.36075588806	-0.49051982227	0.61119033904
4.51448577214	4.61697195805	31823539185.64166259766
3.23519636771	-3.79927790767	-0.09346706987
2.92260591332	0.26186759243	11.32840336435
2.92841273882	-4.85529004473	0.21156889569
-2.89661335302	3.33491673587	52336048.91468967497
-4.84122725658	-2.91773120212	0.99171320832
3.05920903325	-0.88265849895	0.11863613136
-1.28493073452	-4.95819805894	-0.95941792541
0.65931893108	4.96169482670	178362961778.20184326172
4.63389675930	1.16341160049	1006.94949756073
0.97585541940	3.38083337510	65842703.60332496464
3.87340681348	-1.13202588291	-0.65777420367
2.94745990576	3.21358189333	28531570.30317303166
3.45748093900	-3.24433516993	-0.31066065695
0.97898406230	4.45622123592	14245664736.40169715881
-3.59311646306	1.02418519018	502.90749428530
-4.96628079235	-2.63806586081	0.96794784254
3.61687666063	-0.30581466069	0.19261827542
4.78467111111	4.09362307216	2324399699.83603096008
-4.23303274261	4.48446690214	16406555203.00811958313
0.08480076286	1.20686357550	1252.62644971475
-4.77247480422	-3.74250934596	0.99819541232
2.09856804446	-4.91252248458	0.86393139864
0.83927231488	2.58896772258	1256011.13827460539
0.92562392225	3.98672951516	1362054236.41801095009
1.15332259359	0.38683516291	21.66913526742
2.75752490450	-2.60946628877	0.37470143250
0.24948621995	1.07938517233	662.42738820379
-4.37120631744	-2.22146400374	0.94240460980
3.60263313229	-1.52024461193	-0.44338067085
4.20770134216	-2.09509437627	-0.87524089403
-1.42354089577	1.25808996445	1617.19854289856
-1.13315972235	2.33609112674	354713.38241301151
-0.58087233411	-1.01373547571	-0.52988119838
-4.05044407020	3.14181102677	19928620.29236289486
-1.72542278452	3.76044063247	439353747.17367196083
0.44564890200	1.49809677266	5373.18636933946
0.66041661676	-3.16057764950	0.61344633392
-0.94397030622	-3.80885347742	-0.80989335234
-3.26037250676	-1.26681923133	0.12382499380
0.32352224748	-0.36570873207	0.79985010830
-0.96942391460	1.22949448271	1401.77791720919
3.98931578990	-1.61732843218	-0.74885290452
-0.09873815444	-3.64769964340	-0.09857775991
0.48410348495	-1.22601140513	0.47194441832
-0.07249871565	-0.45540316163	0.23533447223
1.74042721534	-1.60599553831	0.98662381333
-2.37264286659	3.01129411491	10376796.81639982946
4.15550570667	-4.63208731942	-0.84890655495
-0.76289745991	-4.72997848753	-0.69101873345
0.77216154780	-3.16600329122	0.69768580953
1.66621719989	-1.81232630138	0.99579898230
1.84181303468	4.39500460439	10489444583.25960350037
-4.53302090670	-3.50583295521	0.98395670300
0.45886464913	2.78064204362	3274981.05406121444
-3.67726699559	1.09393321919	712.65317227474
1.58042434900	1.04816252361	567.47039800476
1.82073459775	4.47175022642	15395843708.01979637146
2.65787054814	-3.44746397411	0.46507755576
-1.56791685999	-2.31493441103	-0.99996765071
-0.58132349358	1.04049856710	544.62493185779
2.57820606540	-1.17455213550	0.54249772363
-3.86422413279	-4.47210933631	0.66136074839
-4.38951466462	-4.80898461495	0.94832733467
-3.04605892556	1.81189387944	25798.66404752052
-2.96212638650	0.81137473123	173.20153498639
-4.88037501579	-1.83749480512	0.98623043408
-4.35216538993	-3.83812787776	0.93581804902
1.34201398397	-3.66583717636	0.97394330446
2.69365672503	-4.02596490363	0.43310602715
-4.21279195074	-2.89698151222	0.87777722096
-4.73049733324	-0.67897811685	1.10046872097
2.65476877467	4.27100148797	5642650442.15298843384
3.11538349128	4.40946283355	11275820106.85145950317
-0.66031892975	0.11225715034	4.64540586162
1.16373542264	4.51701117784	19305737682.73982238770
-0.33845673750	1.58685765085	8373.78182480282
1.20836236739	-3.51449257871	0.93503670121
0.51857862570	1.05029163786	573.02870469430
0.91791262991	4.41462209224	11570478681.46850013733
1.54332631479	4.71575508276	52149879225.75733184814
-0.05707736805	4.50866136076	18516333890.11191558838
-3.17256948355	1.56234609113	7408.23075348143
-0.21332846986	-2.27489332836	-0.21167963046
-2.52490199612	-4.19475653033	-0.57833857885
1.00245818620	3.20577379193	27439147.12927524745
4.96841454469	1.87324001729	35058.89995176579
-3.31173477022	-4.95512638518	0.16932241540
1.70680623088	1.13783648379	887.94617237253
-3.16147209225	-1.79855551026	0.02025104237
1.08912004444	4.46083462604	14578088036.97874069214
-1.20491499310	-3.50469236954	-0.93380873339
-0.46388499964	-3.87063992024	-0.44742589973
1.83567544830	0.14999472323	7.31595664140
-3.91069237983	3.62195737810	219837497.20934233069
1.21252324093	3.21826858816	29208060.14554125816
-0.50064467106	2.56697209954	1125201.12988834968
1.03337022079	-3.27077448455	0.85902940730
-0.14883095368	-3.21026187551	-0.14828179071
-3.63970549465	3.86304314690	733859406.39725196362
-4.08339407155	-0.27511849362	1.56668876658
3.76738683220	2.78689621946	3379009.61983857024
-3.62977556564	-3.80005800226	0.46902185249
-4.86977419271	-0.40083834342	1.39194804122
-1.85919805979	0.44075561939	26.21882642516
-2.78389708304	-1.40230380268	-0.34741227687
-2.82488233831	3.06378544750	13491082.95213631913
-4.76721753122	4.61578980144	31635991973.61141967773
-4.45051408708	-3.40840633104	0.96590640036
4.62411884403	0.03256860502	2.53444909653
3.40445593438	1.52321011134	6091.32062011836
4.77628076306	-4.22009413982	-0.99795961224
1.27291287532	0.84399691884	205.05326839542
-3.92581127582	-3.82877173767	0.70627224247
3.17089791932	0.42985030327	25.70600445355
0.74740584638	-1.42109728520	0.68220012656
-0.45186378086	-3.29376054233	-0.43664280250
0.72609618796	-3.95254088236	0.66395554797
0.10487290945	-4.88360624850	0.10468077745
3.66293271272	-2.71502764409	-0.49803880521
-0.61664785576	-3.21455437763	-0.57830334925
-1.41125359328	0.63929651012	72.35186951808
2.81493389981	0.90070027653	271.31948474300
2.18556629702	2.86192413214	4917117.85753240157
2.38528299561	0.20919132465	9.22460152609
-0.25138664868	-0.70646750348	-0.16103777676
-2.51250450646	2.34431431273	369602.08513525827
2.30020197206	4.92921567646	151627193537.16448974609
0.40407832895	-0.93874829926	0.42062861834
2.41971166745	-3.90943616566	0.66079765053
4.61668213646	1.78301428019	22328.94528551795
4.85397523269	0.19177318946	6.83621565239
-1.93511751712	-1.46222555485	-0.93236165696
-0.15095009428	-1.60928624397	-0.14941676235
0.68416358714	-4.75541086262	0.63202505638
-2.25799602504	2.96400634398	8191797.56112820841
-1.45562997073	4.99677381603	212558135947.76226806641
-4.77849017305	1.18612759236	1130.18150388561
2.97551111525	-2.58588197501	0.16532636094
3.37165213972	-4.68684615317	-0.22803544258
-3.46360818773	-3.43498373013	0.31647924104
2.20294882656	-3.33938902498	0.80675767160
4.70900816311	2.09223524063	104796.84543768413
-4.77638808804	2.97037539450	8456867.39893234521
-0.83337464571	-4.31191907571	-0.74020463021
-3.37125947656	0.29947125222	13.63722201638
1.67195269305	-0.73458337140	1.07109485706
3.83871840125	2.31101775674	312918.80303545954
-4.37798721567	-2.86493927772	0.94460862490
0.10050902374	1.02478260340	504.07465548946
0.66975162670	4.13675492720	2883835237.53347635269
-4.67052421026	-4.36352627251	0.99912379950
3.30509096437	-4.86932693371	-0.16277085245
4.80433768013	-0.39784229517	-0.58536592899
4.14769817841	-3.24513503879	-0.84475384016
-3.72689245418	-2.80377687541	0.55245175281
-4.64189419325	1.31424347975	2143.71399887646
-3.31978558902	4.86759778739	111423180425.58901977539
-2.72331790370	-0.72839446956	-0.32758269147
-2.11743757593	-4.87055078729	-0.85427528611
-3.37891713845	3.80029722847	536243245.03067672253
-2.34346644482	-1.10429905585	-0.70404976172
2.88759300937	3.89548667864	863103940.03256785870
3.13711074023	-2.46396830215	0.00449528532
-4.91198913834	-4.85899753186	0.98014593593
-3.55976428426	0.25302422995	11.03665632920
2.21860975175	-2.18992994531	0.79745787240
4.47637965448	4.99066310768	206161942811.78164672852
3.35543572471	2.07177522312	94606.94447254720
2.30048094248	-0.14799735132	2.17674538802
-0.01680368552	-3.34943453283	-0.01680273482
1.05065448844	-0.84523730433	0.91157266946
2.40131525362	3.76725089242	454571944.25483137369
-0.12417046365	1.35755831135	2660.73398671456
-2.13750603349	3.17309012816	23302306.22502649203
-4.84927473152	1.01170389659	473.06276629045
1.45199066581	-1.82138915676	0.99328358335
-3.88053792523	2.27290892717	258631.49508077788
-0.33532693690	-2.36659539573	-0.32905613152
2.76184144438	4.12408427528	2706801902.52442550659
-1.90862278600	1.60836357270	9323.83186424155
2.24344075419	-0.51371452970	1.01211137446
-0.69489273452	-0.85028858064	-0.59757204967
-0.27846878024	0.88799874987	254.04835159263
-4.03412431612	-2.35634157913	0.77868564371
4.54824518411	3.55019325150	153556408.52587258816
3.09373174575	3.78025491747	485110314.74278956652
1.13933284680	-0.59319741335	1.06288349661
-1.02935181024	0.69237597740	94.77357016239
1.42840638538	-2.34766113292	0.98990361507
1.23778343811	2.65236642078	1724495.22182983556
-4.12317322374	-4.07998724995	0.83137675011
2.79143901594	1.41290091597	3509.45004351334
1.68127364742	4.00562964029	1497047228.70872235298
-3.46563898941	3.32055557654	48709769.70531687886
-2.96053418837	-3.92945883469	-0.18007082848
-3.17586159166	-4.87675517224	0.03426223120
1.08955248547	3.26036278095	36050317.10919360816
-4.78418932359	-0.41375621980	1.37644251292
-2.15538442925	4.22014768426	4375780364.05067825317
-3.57384622414	4.75973549179	64976385942.84233093262
3.43544386711	-0.72247146762	-0.20867604229
0.09344272227	2.04114237381	81171.97305856837
1.24335140834	2.45032499954	627964.42403739155
-1.22053829596	-1.01163040162	-0.92021231268
-2.67221653398	-0.28644916344	0.26398627828
4.96669929302	-0.07877221189	1.05550623760
4.79537566391	-4.84609722217	-0.99655858080
-1.26180316299	3.23488074272	31737705.25516283140
-2.92832933773	4.12267111374	2687743570.73487424850
2.68923416417	0.53131082032	43.17841897713
-2.30056240684	1.97467596959	58219.71573508062
-3.13283390129	0.63224073062	70.78819285215
-4.74681294966	0.74438620515	125.03186865237
-0.06706152014	2.36434338825	408533.44633052795
4.03338511737	-0.64912329166	-0.66136504905
1.69522297060	-0.07410780930	3.06335526633
-0.10921817264	-4.93758456536	-0.10900116524
0.89985668819	-1.46420775922	0.78522224168
-0.68004360959	-4.50727066600	-0.62882693256
1.26572895475	-3.83452590972	0.95382673318
3.99548971691	-0.38560634075	-0.31754416640
1.91516308245	2.34774095972	375990.66343365161
-0.83059331451	-0.20341063443	0.34664570101
4.58772000104	-3.17008810145	-0.99223849071
3.28677099170	4.08425842761	2218072531.54195976257
-2.64042666258	1.95556375033	52913.93266326190
-1.50520200403	-2.52569943367	-0.99783963182
1.33505615485	2.62395515181	1496124.56227497268
1.07824316703	-4.66943140070	0.88112840126
-1.71542924895	2.88725025844	5580915.58131452557
-3.32787231166	2.51526221205	868848.07544902689
1.66171292785	-0.85651767991	1.03729056611
-1.71155981201	-0.89359909367	-0.95569831240
-0.46481342374	-0.80013281421	-0.39334558764
1.54630309513	-4.25829874091	0.99970005750
1.82152522211	-4.44557412632	0.96873183342
-4.97023797641	-1.59078134650	0.96799458463
3.58330436962	-2.96157260451	-0.42748640613
0.45486604304	2.54372712544	1001739.30734417133
-0.47805815719	-0.64758998308	-0.34232310102
-0.64846529810	-0.49968316707	-0.35731852870
-0.99586670661	-0.19910383327	0.26936406386
-0.75471936024	-2.20662224002	-0.68503578649
-1.02642710130	-1.65811688281	-0.85470152213
-4.22992500241	0.76203110443	136.35823833628
1.94734826219	4.06061256513	1970740337.25120234489
4.55963695208	2.69580798802	2142859.62322371593
1.09930844775	3.21601516455	28880816.45760691911
3.83750846994	-1.50450957245	-0.63946630789
0.10409889509	-4.07926415726	0.10391098842
1.63479356597	-3.17870043412	0.99795325107
-2.57132709303	-3.80411669216	-0.53985558893
-3.67523902743	1.93495755283	47734.54884893461
2.74442928087	-0.96133755033	0.41132874889
1.72334965170	4.35339174386	8519052886.60821819305
-4.13612031335	4.04824647326	1852579178.03363823891
-2.93444428857	-3.64903922383	-0.20567003313
4.79005643062	-3.86960951530	-0.99698538757
2.45821138638	4.21636687862	4293837456.00194692612
-1.99646378982	1.96399339132	55191.41768682012
1.68093525472	3.71953988862	358096024.95256555080
4.53744290494	-2.10744675418	-0.98465633613
-4.59891352526	1.76381120326	20286.62909428143
-3.02186168926	-2.07454120915	-0.11935127838
-3.05590830323	2.90970287211	6243969.24775165133
0.70310603700	3.34549155541	55177734.94574686885
0.44546198856	4.48769062723	16673149112.99227714539
-0.69239870248	4.82501648019	90055743665.57034301758
1.44053149484	1.70250268797	14930.95924833563
-1.28474802516	1.81993734349	26856.50345127659
4.02403520166	-1.69935389049	-0.77168047028
-0.16539106170	1.81523696934	26233.45699083975
-2.10381098876	-1.95317266533	-0.86110700838
-4.54219934749	4.90790231165	136299955197.19822692871
-4.26934253257	2.79297674431	3483319.47630062792
0.74376863272	0.85302774649	214.20144675583
0.66629355385	-0.97680654443	0.64077585264
3.74493346294	3.79008933091	509560395.35937064886
2.21671724175	-2.31713816529	0.79857367010
-1.11611942225	-3.81241801034	-0.89840295377
2.11063619003	-3.65013552191	0.85779103800
1.74101343738	-4.07816689427	0.98554801658
3.18397447346	0.24847270953	10.34900276151
4.71640732207	1.30895028342	2085.75124980557
-4.33769890533	-1.35609161748	0.93402835773
1.92818915356	-1.63227282139	0.93766849992
-0.02382270114	1.68501597906	13680.00344117747
-2.94897979904	-3.90745991656	-0.19142407180
-0.94934150221	2.25874847422	240951.58146811649
4.82657843275	0.56678482609	50.04277552757
2.93063107824	-1.00295286518	0.22931784337
-2.00189093454	-0.38778260702	-0.47692818766
1.95172320813	-2.89149088339	0.92832201626
3.05319875533	0.91322241739	288.59672901900
-4.62936155330	2.32646004193	338038.62611522328
3.60153120153	3.12895176082	18687605.77010196447
-2.21256613081	2.44533273825	612481.90129408741
-0.64956797619	-2.03253923082	-0.60472667281
4.25207800048	0.73191815939	115.64041743535
-1.42457670676	0.27291717871	10.75297664064
2.26932504805	-3.12483930990	0.76578967453
4.91104111617	-3.69985269842	-0.98033343905
-4.24636445836	-0.26092279427	1.70719338443
-2.00401340299	-3.26755529664	-0.90761970232
4.76075733249	1.36753645638	2795.97845067115
-2.21808894199	-4.14659495714	-0.79771934844
2.35981489031	1.77652139519	21617.35745119339
2.38566252240	0.69032023482	95.33857672552
-0.44183364361	2.26795500331	252302.89536121843
-3.36404817371	-4.91739295139	0.22062529864
-1.77991758425	2.64444414427	1657518.92677041981
-2.31066857150	4.71500823405	51955502025.87348937988
1.69623794836	-2.28281316213	0.99217562877
-4.80852619489	1.77809254690	21788.13226068993
4.68953298092	-1.22189300853	-0.99307359592
4.48732742387	-2.25884630631	-0.97474303806
2.48590873450	-0.20688704909	1.67598264135
4.71985704216	-2.93749638962	-0.99997085978
4.20015446373	-0.65333596697	-0.75725301632
-4.86366979249	0.88012881813	245.49862078193
-3.11691748466	-2.66727709103	-0.02466782105
-4.19490379355	-2.04409949781	0.86917524343
-2.71992014967	-1.26772837649	-0.40398692689
-4.15833616241	1.74538903346	18501.43213879576
1.67138620626	1.83612489853	29122.63383539629
-4.16606801690	2.14934277103	139431.99520857906
-4.92182155629	1.22254469787	1355.67878766508
3.13032444518	0.14787402546	6.29511524281
-4.95421042233	2.60455329178	1357804.29303445597
4.35650469098	-1.16956036872	-0.92868004201
3.72915688183	2.94779004945	7553808.73720038030
0.51305633889	-2.62900476857	0.49084823119
4.46186436952	0.27791818673	11.07084164896
-2.54011844152	3.41981378519	80011522.02305167913
4.62144190588	-3.05938501765	-0.99586648273
-1.14783075448	-4.22632269921	-0.91187568185
-1.35601256436	1.65655353859	11864.40044201319
4.03317721112	2.56578537770	1118544.09398061247
-2.31676479484	-3.84252896987	-0.73443095013
-0.11232675867	-3.36168456856	-0.11209054714
0.88479854061	1.37123388002	2849.94004361546
-3.32098325256	3.22378940959	30025552.96508337557
1.70464699046	0.15824538785	7.60935992321
3.08400685755	-1.82430837258	0.05788183251
3.98255104969	3.52248905117	133693114.20828412473
-4.67858626751	-0.20141563596	2.09528289712
3.48309851767	0.62924276216	69.40872426248
3.35596219228	-1.93676622914	-0.21254459283
2.27490823939	2.16467364727	150540.22271853205
-1.18112491569	-2.97112523775	-0.92503287537
2.48484756495	4.44012060176	13143790747.13771438599
2.98971194737	-4.07595930524	0.15129745924
1.83219005493	-4.74827941710	0.96603073940
-4.36160764361	4.65457436629	38406176122.94433593750
3.65481221826	-1.07901566583	-0.47736797471
2.07624221287	-3.10837838016	0.87495919822
-2.50797330768	4.20793198483	4116512711.65553808212
2.25525218353	-0.40532896185	1.17009394801
-4.49771458343	4.02463815074	1646311294.18146657944
2.38841991583	-0.42964979630	1.03402168935
1.53920640336	2.85689783896	4795083.55655661132
-1.37740779929	-0.52079547027	-0.75942238664
-3.82027483316	0.12451552440	6.21894528647
-1.42113151997	4.60529795020	30019170753.89567565918
2.12142752699	-3.39773463817	0.85219455758
-1.40193346479	-0.00273948380	1.97341137810
3.41052439765	-4.02693625693	-0.26570172530
-2.31844001512	-0.40693833265	-0.34113064257
-4.25890008781	4.55552599562	23405626211.25002670288
3.67873892829	-2.11537968087	-0.51160974159
3.21543759267	-0.65639581432	0.03888374059
1.90110668903	0.74097064338	122.87818477014
-2.58756931869	3.94802680488	1122412599.94386863708
2.42107660910	0.56393650774	50.97434910004
0.66994281053	-3.71136333871	0.62094118586
-4.77859943883	4.78903357879	75227311187.05462646484
3.36269914899	3.97109129740	1259610994.24151349068
-3.78822528116	-4.64852931169	0.60250226925
-1.60405686950	4.76005430065	65080043772.51078796387
-2.38371400286	-4.42733213563	-0.68738226508
-1.71307781677	0.08711876890	3.64774734450
4.99969215954	-1.26994277529	-0.95376981094
-1.00305186124	-4.18822180421	-0.84311598884
2.29140274132	3.75169296680	420551340.75415802002
3.13134933252	-1.51387336013	0.01179119920
3.25330952676	0.64443679249	75.13703652671
-0.74981313744	0.90304431139	273.51193878170
1.45597007871	-2.03091760001	0.99353139841
4.56791662496	4.19906600990	3938013864.72321081161
4.37032994876	2.94901590435	7600249.90117091220
-3.85779172548	2.62692530621	1518508.63814247376
-1.61329430263	-4.95838422439	-0.99909709688
4.77782145851	1.85566788468	32109.93093452349
-3.47074982737	-2.72231480989	0.32324924277
2.52533131248	-3.04841463543	0.57798901337
-3.34837059170	-3.08949205350	0.20530813373
-2.46714692500	-1.36523416813	-0.62120948273
-1.55628243823	1.19916239298	1204.22836312345
-0.32799443314	1.77665132146	21630.37818138588
-2.19779573292	-0.26454306012	-0.01055885264
2.74843016886	1.74741384590	18689.21722336116
-4.29897356114	-1.04794416274	0.93165926875
-3.00465992746	-1.04478022757	-0.12034637288
-3.66446937740	1.52095155788	6023.67600161904
4.95669743279	-3.50211020974	-0.97030475768
-3.00448710062	3.35385246305	57533307.64946652204
-2.16269238897	-0.50630299661	-0.59126900224
1.63350847064	-0.69018245485	1.09318430445
0.82211165945	3.15397180290	21177954.94982250780
0.56899112208	-2.25082276450	0.53882126064
-3.08205818201	-1.31489268949	-0.05531264577
3.60008642449	3.35446852140	57710799.94057475030
1.63233062475	2.78964379961	3425752.03580980934
-0.51348397931	-2.93319662643	-0.49121362013
-2.25653561975	3.98168509519	1328129985.71294379234
-3.63722978091	-4.48668836710	0.47559220746
-3.69392685595	-2.48148767607	0.52468803214
4.56148609050	-0.12068637106	0.65215851764
-3.44406226157	2.49025962518	766745.95241718378
-0.93409291331	-0.02108369934	1.89578335340
-3.62679338347	-2.52951901869	0.46639557660
-2.63433919882	2.06748583281	92599.23939513208
0.07114696305	1.51107677277	5733.08209217835
4.71743024422	-0.03661956762	1.49807275700
-1.58695800408	2.59544755253	1297369.46071892395
-2.62703914787	-1.70516739400	-0.49155138315
-1.52028266540	-0.55360370492	-0.81036558309
2.18409416761	-4.86375974443	0.81775433852
-4.26493415443	2.88043767823	5394016.52861584909
0.00124887330	-0.45412525312	0.31099137140
-0.86301915737	-3.52149545785	-0.75980884966
-4.59921407286	-3.74586802476	0.99360257507
-1.76346695918	-3.17667464258	-0.98149598171
-2.70651377275	-2.25056099640	-0.42144302213
4.62500265275	3.95605332929	1168374068.57774925232
2.18735691584	0.36280084865	19.22076466657
-4.26710644380	-1.05598597129	0.91776737329
3.19880993689	-0.91547143555	-0.02633996656
3.24744626362	-0.09634399575	1.74750399745
2.57198539920	-4.96262487788	0.53930135426
2.47131997914	-0.84721887148	0.66459161042
4.15669267250	4.53075366973	20678919512.72282409668
3.71354529492	-0.77527800143	-0.47909842186
-2.78073900115	2.64619731576	1672113.00372425281
-3.88914186426	-2.82405829923	0.67984571132
-1.52565818926	0.08635465387	3.62097629342
2.65960238354	-4.49709848340	0.46354361972
-0.53858552652	-2.72147278913	-0.51291857737
2.80855213190	-0.54732223622	0.52128659425
-0.88706314496	4.01208602103	1546163275.84365367889
-0.00739402725	-4.30983532461	-0.00739395856
-2.93032001429	4.58170334544	26678638231.27804183960
-2.85454378069	2.05445567148	86758.82161704419
-2.08383072751	-0.30347756451	-0.21340732246
-3.61002960431	1.10849911512	766.39457628340
0.05918548619	-2.39571659077	0.05916977022
4.61943539335	-3.68774814543	-0.99568289564
2.93177414982	-1.91421829243	0.20849153324
-3.98551685618	2.04769689808	83876.91353063511
4.34591902681	1.76443132589	20347.69744739770
3.56622409908	1.50034606956	5433.10900999997
4.65087112492	-2.80919637198	-0.99810599093
2.21147997431	3.92281427613	989473627.33151030540
-1.06115241417	3.23594167233	31906510.02477984130
-1.38525805284	-4.11879547003	-0.98283709119
-3.21281957296	3.16905143328	22836471.84525376186
-3.46012617346	-3.91565065103	0.31317419742
2.65399007884	-0.18015181998	1.68729266024
-0.06635827447	2.98474037917	9086625.60985864140
3.87192797676	3.80844562911	558542032.35600531101
0.43247271367	-3.30031057619	0.41911734218
2.40607207233	2.43428682159	579573.37663405237
-3.27936245375	-1.40601364827	0.13998900407
0.73994566812	-2.48964139483	0.67425956251
0.85421810230	0.60337785173	62.03700044254
0.21084339704	2.27243529057	258019.27040890243
-4.37097199137	-3.72721783447	0.94228119587
-3.42777396148	3.87461213103	777561224.43786787987
-1.79119539364	3.25328389468	34796652.02881956846
3.38608704417	2.71922774964	2409069.03040287457
4.52173707206	-0.21454323161	0.04435344082
4.43541125111	-1.58395035623	-0.96079579181
-1.62943711165	-4.32569572888	-0.99828112061
-1.45836911053	0.43734934209	25.72488782304
-1.79911633043	4.85126368527	102684879683.49253845215
-2.76143003696	4.33114893395	7622398785.52515316010
-2.96117255298	-0.84800328388	-0.13622080511
2.90582656054	3.75154495414	420240220.75535118580
3.03214848667	4.92337043565	147259837724.69247436523
0.52577457413	1.40423643907	3360.83195568587
-4.66122037556	1.44847647282	4193.25620017565
-1.75414566458	2.06820162757	92930.74769041860
-1.96203814772	2.20472129694	183912.19964942845
-0.60043357311	-0.12562231728	1.03579525087
0.79971462757	-2.46049598122	0.71717086222
-2.33396567373	-1.76587648807	-0.72220983712
3.79937510356	1.31709428534	2172.86617335352
-4.16534854808	-1.35279325531	0.85753163576
0.28149098662	-4.56038267287	0.27778826204
2.88285481951	-0.94035869651	0.28309754145
-2.11843886172	-2.50670385487	-0.85374355737
3.59888537883	1.78936012780	23049.37129687613
4.63916366311	1.05619286285	588.68066663574
-0.24887104102	3.06769756171	13757574.17252339423
4.01024146579	2.00395240065	67397.48382901290
-2.16719058149	-2.88421765017	-0.82736456492
2.37535965157	2.84730815222	4570591.57273795735
-2.90150607581	-0.66998993596	-0.13252836303
-3.21126393952	2.04517022969	82823.26487481093
4.55484038665	2.54301930849	998198.90768803109
-3.93729942060	-2.80919855353	0.71436074722
0.58750480457	4.32856283120	7524471742.14730930328
4.61245297836	-0.64384169984	-0.87505046666
4.18577144992	1.26267980501	1654.88872717646
0.26665867070	0.14890028925	6.57968424527
3.77240212552	-4.33549856449	-0.58979863928
-1.31670850802	3.61202923263	209191037.44662550092
1.33079537464	-1.94515242236	0.97151692312
-2.51747344820	1.01152145888	471.05731533354
-1.12481083695	-0.51556202900	-0.67436565553
4.89422201571	-3.25894376418	-0.98351362114
2.59507538960	3.82497768118	606673125.30485093594
0.32082356899	-3.86543473786	0.31534822682
2.67780063149	0.89245697749	260.50339052012
1.21518629382	4.08483741360	2224503000.58921813965
-2.11103457787	-0.42929962825	-0.50690781188
-3.55004236556	-2.11464029505	0.39726382637
4.23437573745	-2.92838053650	-0.88790930176
-4.37591631103	3.16057516078	21888854.44287577644
2.13656038605	4.36733789065	9134294030.91023826599
3.25080069011	3.47353201114	104664687.24015666544
4.82936805617	3.12739157344	18542391.52156953514
2.84646837185	3.68788438480	305675369.76000523567
-3.68201153890	2.04486399637	82696.99068062342
2.21711014840	0.52176624756	41.54780744911
1.29678640585	-3.43632667365	0.96269368238
4.29871670155	-3.19039883052	-0.91565048333
-0.76656513922	-2.57586302284	-0.69365756290
1.60891958946	-4.32144649789	0.99927339767
4.28950608905	4.87201698358	113912586546.98783874512
-3.90496880697	-4.30531264619	0.69136467305
-0.24304421644	2.66139622419	1804137.64438673435
-0.90349450812	3.16210780757	22057236.47664126381
4.26514971484	0.27792951678	11.13866171963
1.55998343371	-3.18905106638	0.99994189784
2.46008125310	3.54959556783	153098204.34444174170
0.71270932872	-1.77315479064	0.65430944109
-3.52307099303	-0.79215187282	0.42943887698
-4.45435920635	-1.25373705306	0.97257876292
2.16005793387	3.53938583382	145478877.68691045046
-1.04141058474	-4.59325744279	-0.86311743527
0.88752942483	-3.58463200421	0.77551441720
-4.70969109668	4.71161648083	51081829959.48686981201
3.57865008100	0.00578760151	2.66480701232
1.10930824047	-4.95904613685	0.89539087260
1.76814337436	-2.28443127754	0.98062303906
2.94988087993	-4.17011727064	0.19053958908
0.08047437421	2.86787711322	5065674.57609363273
-3.66809384543	-0.52678008332	0.71790507798
-2.08877369929	2.46005498382	659268.31796097395
-2.02167104721	-3.84584846506	-0.90006627132
4.35888688494	0.13024440791	4.81548328591
-4.30953883537	2.23973349818	219100.09919305370
4.95320536582	-3.69450640068	-0.97114356574
-2.60109603863	2.53701313471	968668.21321616508
-1.13926332135	0.08111715055	3.59221731702
-2.82093571521	-0.09689036970	1.53291427198
-3.29001203317	3.48076402851	108518631.22601112723
-2.33330107653	2.12726482947	124857.78449915175
1.33827544118	1.35096474971	2575.53852743229
-0.41398798401	-4.73237011128	-0.40226361157
1.33775583906	2.10387932774	111081.30464766701
-2.64244223985	-0.61795572610	-0.34214369879
3.22170839206	-0.11225647875	1.63140099345
3.49123606761	-4.03729968726	-0.34256281339
-3.09974672527	-4.38404686798	-0.04183371587
3.95172126492	-1.85298336476	-0.72409177986
-3.25974141355	2.09956561169	108710.25723212586
-2.65873872277	-4.83154464252	-0.46430871358
0.88701306277	-1.19368508569	0.78286306894
-2.41973750622	-0.57340692409	-0.49017631707
3.68082588132	-3.44056717945	-0.51347807194
0.53726930770	3.18387976529	24593952.46546657756
-2.62898053567	4.72934980274	55817947944.21286773682
2.35924596249	1.04963744820	571.36833777209
1.12881226645	-2.94542887383	0.90390599900
-2.89144887777	-4.64128474079	-0.24754326262
-2.46492086190	-4.42765572014	-0.62620162152
-3.48656774166	3.48093242053	108610038.24746745825
-0.20531624829	3.20889348419	27870510.10557058826
2.50292853865	3.10723168810	16764443.86120692268
-0.94257541250	2.69291911416	2112130.00313891703
0.46507991774	0.89278680934	260.93376966745
-3.68288446621	3.58766948095	185202373.54438737035
-1.95569663097	-2.81089120575	-0.92683350737
0.55574327622	2.54618275641	1014114.71808174881
-2.83935696536	2.49979957402	804205.23955803539
3.64060596072	-3.28126072894	-0.47855917603
4.22860906973	4.13923346807	2919796119.52377843857
3.77763040898	0.53628209888	43.22302734856
-1.44754285177	0.02163329725	2.35028580198
-1.24504003978	-0.12381036813	0.66795524321
-4.33003748376	-0.50746094456	1.16502761057
-0.26595130334	-4.53853353861	-0.26282724480
-1.99336709341	-3.76360772071	-0.91203764712
-4.86024707594	-2.52810970149	0.98909860583
2.56689718795	-1.76028560820	0.54403075650
-4.87407096894	-4.71377115428	0.98695791580
2.12336130506	-4.79577163733	0.85118103784
-0.87421342094	-3.56069077463	-0.76703901453
-3.90592030160	3.64282791334	244017830.94080144167
1.31486013688	-1.17966756574	0.97565872815
1.24274677887	1.15096443092	948.07485778182
2.74772874231	-3.70657318278	0.38375936153
-0.64254619757	4.70885676618	50381814302.21259307861
-1.93861400367	-0.18336966434	0.26621679217
-3.06003860632	-3.44397272796	-0.08146357413
-0.67311211697	1.64617135958	11264.52565608696
4.28839619936	2.40991445812	513077.81705074100
0.52128829187	1.12680946587	839.87471906735
3.90686164587	-2.34192920292	-0.69270637719
2.25830455516	2.65950930197	1787197.36143443617
-0.22732420370	-4.34642652646	-0.22537137647
-2.23529415624	-2.57666890332	-0.78721893481
-3.51047970381	4.40227184292	10877600407.75551414490
4.57664832357	3.67568450160	287586658.37023562193
-2.79354033060	-3.86887800240	-0.34106755168
-2.48287364268	0.11752935861	4.78714036716
-0.87235578000	-4.77815155369	-0.76584588408
-0.52439090089	1.44263281582	4071.03842866603
-4.24870160927	-2.48170577578	0.89442165897
0.90934817426	-3.69971764468	0.78910354447
-2.73120367474	0.65311681885	78.18725529306
-4.50206334230	-4.44994278477	0.97796298104
-4.21321511081	-1.70194633267	0.87858282406
-0.54217548386	-0.62239497129	-0.38246181963
0.81628264217	4.02419738915	1642687135.02468156815
-3.95591301005	1.71178505012	15639.95349235626
-2.64376811125	-3.52818444507	-0.47751519651
-0.67996201834	-3.93990116821	-0.62876348171
1.91902204306	3.14691262819	20443498.65208796039
1.94238934840	2.43622236258	585209.79962342349
1.45203108639	-1.33738205770	0.99669708508
4.34542341034	2.32364341613	333309.43404720904
4.22378431870	4.48325786367	16307673599.90201950073
1.10651803189	-4.23496920904	0.89414496373
1.07181307963	0.66941438587	86.13626264359
0.41529452021	-1.72063570636	0.40400999776
-1.28848282678	-0.15768927620	0.40323781742
0.45914812149	-1.95106243599	0.44335857555
-2.59936973387	2.21964104400	198156.99597561630
0.43369786923	-4.12365299734	0.42022918439
-0.56014460864	-1.60488996729	-0.53032663254
-0.00574006219	-0.62571172105	0.12560254121
-2.22551089220	0.19909939870	7.32498494660
2.26008708358	2.24718978322	227422.45406480838
2.81133470281	-3.55359778685	0.32428710759
3.50867146352	1.13536271448	875.69346983055
2.37674413190	-3.26337055975	0.69242796276
-4.24315531026	-4.36782586576	0.89191508764
-1.99281191991	0.65399327222	78.01909761496
-3.68845040785	-2.40820862988	0.52002350278
-0.95539870120	1.45697376333	4373.39299357716
2.17289461642	-1.10815551163	0.83591944020
3.61852983803	1.27376492367	1749.65616362539
-1.51559973402	4.00465866853	1489796887.75596523285
0.76051792749	4.13767579648	2897144029.58057498932
1.83281644028	-2.01187544912	0.96599702278
0.22797352044	-0.22472083916	1.20132174685
-2.41280598245	3.48296033470	109716898.48790985346
-3.90761136471	-3.29994281106	0.69327172415
-1.66990329796	-4.88051853336	-0.99509292255
-1.09369420723	3.08763971588	15200073.32234604470
-1.88878275408	-2.91940861215	-0.94986552286
-1.60173808354	-2.94723195691	-0.99952014725
3.08954138141	-0.81897911858	0.10200022736
0.33854377120	-2.24336140322	0.33215421142
-1.10464060829	2.35867814062	397122.76448695565
0.05814773306	1.98137596128	60203.93895865454
-3.35663045333	1.21912379605	1331.93957706170
-1.52980240967	1.60676712700	9249.63997389040
-2.42037439305	-3.20547627659	-0.66029974920
1.25070907442	1.55060351651	6986.71480257572
2.92063744517	0.13488770330	6.10795324911
-2.42995950316	-3.59279090257	-0.65307137285
-2.84267642687	0.68069437725	89.91045372446
-1.46774871802	-0.82315770336	-0.94575607518
0.91807116668	4.31835256532	7149977990.34488010406
-4.26654699567	-4.74472622799	0.90224790668
3.05672080767	-3.35680728854	0.08477014484
-1.58511187566	-4.13742410551	-0.99989753117
-1.91874743623	4.79020038431	75667472100.84141540527
1.91996781379	-2.73625416724	0.93965991670
-1.38472959199	-3.39324588795	-0.98273934078
3.53568884397	4.83127978255	92920599947.55224609375
-3.93419265006	1.74960490665	18895.41375852874
-3.22958538465	-1.42184380011	0.09033182420
-4.37607747930	-4.60065530217	0.94397831673
4.08552436795	2.42072853872	541584.01562236983
0.58157719700	3.49386802872	115866872.25098176301
2.40714791948	-2.01435184575	0.67030190760
-1.99210481660	0.34876640011	16.24509798077
-4.76555883527	-3.18952031013	0.99858717201
2.24040734054	-4.58581084432	0.78406316192
1.77609344075	1.77208284517	21143.18306771811
-0.49205865721	0.13919592988	5.54457759392
-2.63372178363	-2.05759081213	-0.48621583317
1.44313875278	1.36555421591	2770.38465965158
2.43329890452	3.50069220039	119888571.20461800694
2.91965706070	0.90108416103	271.73938297035
-0.43005079986	2.48488782783	746425.33380784001
4.08773325956	2.24774323529	228051.07777609318
-4.50525003161	-4.14139633717	0.97862332852
1.82136694895	-0.95855019799	0.99363995376
-0.36776522540	-0.20802988337	0.70067463223
0.44617639642	0.42054646834	24.99705898035
-0.96338238482	2.29649856548	291006.91082026646
-2.83689344814	-3.69507755613	-0.30000622126
-2.87567281662	-2.87979981500	-0.26279521114
2.53464179030	-4.97745947435	0.57036558212
-1.98784985339	-0.72026655511	-0.83242443938
-2.19797411944	2.62439379392	1499407.69522878947
-4.40890696468	-3.27313370859	0.95430192796
-4.15187154804	2.29411826180	287565.67358896101
-1.17812214165	-2.82270543849	-0.92388683286
-4.26494826321	-3.31661836857	0.90155754047
-2.79071555829	4.34979572409	8367248293.02490997314
-4.23971713741	-3.70920640087	0.89035509272
0.63883822480	-0.13061283738	2.15760892133
1.93011169023	4.36206003763	8896399461.15043258667
-0.77211451314	-1.57155112790	-0.69649149012
-1.52851056996	0.92406959167	303.58895581452
0.92710570822	-3.40289513049	0.79988640218
-0.22818890536	1.63076351146	10429.65173483591
0.63380524959	4.50581201349	18254406796.92632675171
-4.63994439926	-4.64708705339	0.99737703903
-3.23978968928	-4.63713168172	0.09803929861
-4.46287423815	-0.78695334496	1.02768314048
-0.38353132710	-3.19330230187	-0.37419721935
1.15544028608	2.86525719441	4999749.87279771548
-4.58984820592	3.09189972953	15527310.51657653973
0.69744786187	1.68260413574	13516.68983395887
-2.64537423528	-2.06300298218	-0.47600407279
-1.85657101196	-0.46099293336	-0.66015657967
-2.26513698674	2.77216485941	3139067.50520751998
-1.07326703976	1.23225081909	1421.18774945836
0.40401609976	3.71103436525	343186337.65228486061
3.98571756065	-2.93811153534	-0.74738874877
1.45808641331	0.28126354352	13.23635698213
-2.66200605480	-1.32366618017	-0.45740547602
3.10575474709	2.04720066378	83668.34891536573
1.91507405294	3.07684133896	14401156.14038527757
3.88613997697	-0.06140156110	1.52929559258
-0.69471577894	-1.58638019863	-0.63908980730
-1.79815205820	0.00146982561	2.04786277345
-4.43978442941	-0.80116407793	1.01770094569
-1.24914319592	4.00438972943	1487794910.96455907822
-4.57631425318	-2.54834995261	0.99076489019
2.65136847104	-3.78814410106	0.47082369781
1.92484402675	-2.80418271926	0.93797951688
2.04923120614	-0.96616455197	0.91165643516
-1.27100367207	1.49978811426	5417.42841234149
-4.14541508133	0.58436531268	56.56908583645
0.72957432035	-1.93255728335	0.66674319013
-4.92777361654	-0.23101931419	1.92197559970
0.20948346377	3.02873782549	11322488.45177661814
-2.93712128753	0.76239273403	135.51451005849
-3.16905930229	2.97911120626	8834440.40310799144
3.58340958839	-3.77576634479	-0.42758261690
-2.04423516637	-2.06953141319	-0.88990941281
-0.45508350246	-4.13604113168	-0.43953731615
-2.93699545979	-4.19877117198	-0.20317276928
0.79532193908	0.44610520155	28.62836652012
4.92332566666	2.16737412154	152584.90709794246
2.54518741269	-1.43578203536	0.56395944397
0.64822451405	-4.26164946614	0.60377201867
-4.44407900799	-3.78323340506	0.96422032156
-2.62909436307	3.03567333594	11722011.14188007079
4.68062001671	-3.75620496965	-0.99949538799
0.37310118594	-0.75202474613	0.43434758782
-3.61440436241	-0.88483098484	0.49134432638
-4.59405465593	3.71590593363	351648255.44564270973
0.41541257559	-3.71846154807	0.40356747599
-2.79857005917	3.37248294133	63150226.28138107806
-4.39292488001	-3.19872352610	0.94940419764
4.69143230221	-2.09609006761	-0.99969617663
-1.21204155211	2.05051279715	85064.51666334279
-2.43844133738	-3.01387043033	-0.64662388782
-4.21512026232	-0.41552945820	1.25456218123
-2.82190656805	-3.88941170643	-0.31426855564
1.69970707616	-1.87787641883	0.99195333084
-0.44925066616	3.52050119101	132370880.36223283410
-3.96198621391	4.88951341427	124326792589.38986206055
-3.67037068582	2.57849243195	1191918.64286629925
3.24047865706	1.07325237360	642.08481892223
1.05375809224	-4.67871831254	0.86928701388
3.39921399898	-3.23339121039	-0.25478083311
0.54567864958	-4.74698781196	0.51899830300
-1.50270033236	2.18070667982	163103.38963235152
4.46071088774	-1.20262180889	-0.96115648044
-0.66022236196	1.88122886242	36488.03920551632
0.26873502578	2.61355794230	1420333.39481685800
3.03453556792	-4.65237385077	0.10685270227
1.32128828908	0.30388686440	14.67795257569
3.29604837366	1.84490700940	30428.72309187088
0.65944661524	2.63403183630	1573435.27397185075
2.93279792071	1.25811526782	1618.59974236397
1.48386570501	-2.23564993028	0.99626583698
-0.51104734716	-3.49687722234	-0.48909096894
-3.47697717748	-2.42557768618	0.32914851372
2.99594316255	-1.36464260945	0.14839973081
-3.32470325428	3.50957672999	125334402.10282491148
-1.34231546190	1.44878588599	4197.77421513351
0.85851160163	3.32874106426	50744694.31505266577
4.53432204218	0.60932360032	62.14797102063
3.37671759207	2.06503112285	91469.91103423441
2.58167654743	1.34502286968	2499.73280817274
3.38310232837	1.90908284699	41941.07018356732
3.66487386245	-4.94711474936	-0.49972495387
-4.35987806541	-3.91573146189	0.93850877471
-3.84207373448	2.90938403565	6234023.88240738772
4.92275123353	1.44408082118	4100.14618053076
4.08418557819	-3.36651194796	-0.80908451303
4.62542096380	3.15996507997	21822184.38990298286
-1.92811798986	2.27816245490	265513.51830492070
1.91140105461	4.57899222577	26319433445.93346023560
3.67357741781	-1.34372337010	-0.50362018839
-4.23443359381	-1.49891678072	0.88960549217
-3.26166447018	2.36209087528	403958.31122591504
1.45794122256	-2.32373390596	0.99366560836
-4.32812479356	3.42694572231	82916191.22953337431
-4.22371196569	-0.14582969715	2.32991326905
3.83549674288	1.69812889780	14606.36969989385
0.26417575767	4.16990370569	3403706484.23695707321
-4.26499842859	2.92082036129	6600884.62245896459
-0.59899563805	2.79634446240	3542468.79413978243
2.75333896296	-4.95245590404	0.37857265893
0.43503443930	4.35843511069	8736607926.24197196960
3.70165140444	0.47219248305	31.27221178209
-3.11630231233	-0.16599230136	1.28291056934
-4.46027609875	-4.65999081251	0.96838752430
2.49665771399	-3.45416136095	0.60114654222
1.82330487526	4.62228573373	32680387273.70337295532
3.08159347441	3.77576299764	474336373.64043861628
-1.89078752613	3.35793715234	58720416.43964930624
4.94742448645	-3.49043629488	-0.97250599436
-2.64507125861	1.61571979658	9673.66021038232
-1.31670981654	-4.34393776972	-0.96789331440
-3.47508938908	-4.81686204497	0.32734910054
1.36326083053	2.96651680235	8295273.21506986674
2.94614102407	3.51948503131	131700036.87340845168
4.67242980491	-4.14861345078	-0.99920173543
1.19218771646	-0.80839027223	0.98186933201
3.67440556461	-4.86834443274	-0.50795833744
-1.58216384105	2.47040143431	694271.25463973929
-4.40625273271	4.76528414209	66804280790.50065612793
-2.12983803404	-4.11871768773	-0.84776375038
-4.41369796125	3.71841024892	356079128.76507079601
-4.36130247185	-0.99328697052	0.95990343373
0.35428635842	-0.26381888492	1.14905310134
-2.22214735545	-0.99358745144	-0.77439299385
-4.28113143454	-1.91553835885	0.90864856681
0.93969679182	0.54997416834	47.72921415114
-1.45002544603	0.75972978210	132.92977386421
-2.05364942371	-3.07589578859	-0.88567318577
4.01765487917	4.49539845109	17328260214.56099319458
0.78589369049	-3.38742045178	0.70745721719
-2.17035742639	-4.51954282950	-0.82558335676
2.59830765685	-1.06778400978	0.53135394118
-2.04199834036	1.92834157445	46179.94382563329
4.57436276842	4.56582095042	24641972883.38275527954
3.83492536694	3.97173963641	1263700894.02319836617
2.67076264450	1.77480865776	21432.77867204827
1.57087276866	-0.15554180419	2.37837223846
-2.02900034586	-0.10691585318	0.86089888476
2.71951970732	-2.04504920842	0.40976109091
-4.48391331922	-4.84446274078	0.97401277874
-0.72552252136	3.25199273369	34572735.49587046355
-4.11148583411	0.53531111905	44.42965357519
-2.27139075508	-2.61405451249	-0.76445279014
4.66632397477	-1.69969470775	-0.99832785765
0.98923005587	-1.43440320978	0.83790659020
1.74254087478	2.08604125270	101602.99069258022
-1.03924061332	-2.73608707775	-0.86201612783
4.38014267068	-4.44192248756	-0.94531205564
4.46262819462	3.05319817826	12795487.20017161220
-1.60378818210	0.16735914303	5.92741385022
-4.87967638188	0.88293862736	248.95545841747
0.19235070820	1.31989133713	2204.27889662176
-2.53307597348	-4.46235888969	-0.57165102950
4.03296075701	1.24832558962	1540.30436169294
-0.91099593074	-0.81309125963	-0.73864911744
-1.02553239894	-3.58574689604	-0.85499038696
1.87061327111	2.13140027809	127468.06916351341
3.96041039704	1.18040928400	1096.62541940071
-1.12617611515	-2.90012970466	-0.90277257112
-1.86433978019	1.67729791757	13161.21003287398
1.99840864985	1.45249105370	4278.16850647321
-3.51532536869	0.64666441193	76.45642445991
0.65964186503	-1.25693056459	0.61842800153
-1.98646707571	-0.02022858615	1.79656585148
3.60878241432	4.08266282113	2200447078.40428686142
0.25659206106	1.93665595183	48141.37721654786
-4.17139554128	-1.04214383768	0.87357073679
2.31039058872	2.96864213480	8383894.07072938699
-4.26181617953	2.25422299548	235562.39106166293
-0.89485505841	3.72854884848	374595198.03837531805
4.83785315034	-3.34208202267	-0.99213952417
-2.65922940107	-2.03288304308	-0.46375852657
4.02829662181	-3.38808355529	-0.77499283643
-3.00025898851	0.23925534865	9.78247117121
-1.63175596550	4.71386464817	51659271850.45302581787
4.78554872064	-3.05576868967	-0.99732432525
-1.98408630864	-0.35547393628	-0.40855753468
-1.52726773537	-1.09412097517	-0.98642672347
2.11005808560	1.50336955414	5517.14393704437
0.77921002655	-0.63434845834	0.82850903429
4.32227171883	-3.94182384498	-0.92486446374
2.01185299937	-2.37178653129	0.90432230487
-4.94934371281	-0.78605818835	1.03097121257
-4.46261710544	0.77283827969	143.96311408628
1.91706019677	1.68315741131	13554.43047773505
-0.38688958874	-3.12288830526	-0.37730923669
-4.56954855013	-2.26038956703	0.98985268625
-0.34517517099	-4.77212906178	-0.33836152105
-1.10884270322	0.82660411749	186.20287870818
0.89023506252	-1.17409579001	0.78568424216
-0.13377207217	-1.61076791486	-0.13241981736
-3.60958008682	0.48714564914	34.72349681448
-1.12750503223	-2.76550954244	-0.90334190899
4.90742908737	-0.11562027284	0.70184736096
-3.72306732787	1.94100021967	49198.80192798234
-2.78709413500	3.56631573993	166447580.54053023458
-3.45733259472	3.53846421422	144810038.46542146802
4.03475119679	0.74700458786	124.88790347213
4.56578229618	-3.41381012533	-0.98927235918
2.68420616871	-4.49959784785	0.44160474720
4.69139359850	-3.68137563103	-0.99977957465
3.77518694897	-1.20019513027	-0.58461623079
1.30229078220	2.64782294679	1685760.90342882648
1.90038520701	1.80477511299	24897.57920561767
0.23611058535	3.15912071181	21730250.03260912374
-1.22368548702	-0.45133647939	-0.62626771816
0.52841123290	-1.97394127452	0.50431705800
-4.97574146267	-4.03186992426	0.96552269634
-3.51148355300	0.51865632692	40.48227440078
3.90785653444	2.32066732138	328386.57769126346
3.90543937139	-2.30508882502	-0.69167495398
-0.76798106536	-1.74769690573	-0.69420351625
-4.45470548909	-4.27527498301	0.96698291557
0.81281651860	3.82483706539	606246736.30842328072
0.36979025203	-2.03813020616	0.36153242861
-0.72993759408	-4.64042994803	-0.66682313016
-3.31682056007	-1.61687177282	0.17525753111
-0.25576515749	1.74786841011	18731.10580819493
2.21927370069	1.71219926288	15672.44663597526
-3.22415030891	-0.92082837798	0.11249476974
-3.87328580442	4.63107778963	34149071606.69447708130
-3.45860596447	2.61155179209	1406157.64882225194
-2.91332634927	-4.31321441469	-0.22628913925
2.44357614759	-3.73636377122	0.64269938419
4.31439426063	4.12729789979	2750646432.27740049362
-3.83304102771	0.84663629917	207.44626528337
-1.06717344574	-2.13073957267	-0.87576906466
1.42693819570	-4.07997061165	0.98967025630
-0.85903305508	1.40494110424	3371.43328082875
0.12613991795	4.61874055766	32106202635.97999191284
