Generation:
2

Phenotype:
np.tanh(plog(psqrt(np.tanh(x[3]))))

Genotype:
[171, 218, 379, 276, 537, 393, 797, 969, 783, 805, 434, 350, 696, 827, 751, 916, 72, 982, 456, 334, 177, 731, 788, 571, 343, 802, 30, 342, 129, 703, 560, 899, 598, 377, 467, 123, 576, 287, 504, 494, 14, 887, 390, 834, 279, 503, 916, 271, 614, 876, 612, 509, 947, 2, 314, 980, 14, 311, 352, 690, 945, 833, 481, 260, 811, 281, 941, 121, 280, 105, 655, 493, 100, 946, 169, 435, 263, 6, 363, 495, 327, 634, 367, 68, 854, 856, 44, 902, 17, 904, 788, 705, 925, 230, 740, 507, 33, 378, 328, 736, 992, 276, 691, 379, 163, 52, 142, 149, 86, 104, 597, 175, 357, 917, 990, 457, 843, 842, 588, 381, 210, 856, 311, 924, 577, 263, 687, 488, 24, 41, 882, 632, 68, 513, 706, 4, 104, 255, 97, 496, 344, 154, 814, 371, 104, 994, 498, 342, 534, 482, 161, 375, 327, 225, 536, 577, 532, 190, 273, 271, 214, 939, 463, 173, 461, 497, 424, 13, 867, 553, 657, 120, 777, 539, 149, 224, 748, 674, 993, 846, 137, 735, 345, 873, 239, 250, 308, 852, 282, 397, 673, 863, 998, 323, 422, 934, 149, 519, 77, 763]
Tree:
None

Fitness:
0.19707743254470914