x0	x1	response
0.95690312051	-4.13788643144	6.77884166293
2.78957292130	-3.03390225325	264.84528983679
-4.84041143420	-0.08421757903	0.65639488051
-3.66632082744	4.72303974529	18028122314.48189163208
2.63908893636	-3.78042541809	196.01239024105
3.70985845503	0.76219902916	1713.75648053068
2.98915350955	-0.90346364863	394.78237981090
3.19814420523	0.33215463220	604.87875519457
-0.22476654285	-1.66375977245	0.63816982748
-0.79913397601	-4.49253390352	0.20224651564
-3.00373496017	-4.57073733661	0.00246030520
-4.18450318301	-3.82003164342	0.00023195098
1.35395698603	1.89097134069	12785.03313073072
0.21412644642	-3.07731920230	1.53457432251
-0.25437075906	0.39546435651	7.82462306420
2.80769897759	1.05749567034	472.46654807772
2.74058945590	-3.60543654315	240.12963224163
-1.04321955099	4.79967226922	26445751170.92504501343
4.43921337086	-0.68533329730	7175.52544228745
1.93705175502	-1.17621320515	48.14231414943
-1.93976181800	-2.05581715402	0.02069500875
-0.12915844053	-2.84978918614	0.77235109838
1.38804825332	-1.46623844469	16.05687789442
-1.38490222975	4.80533116026	27204705763.02474594116
2.28013168344	-0.79187036203	95.62773214296
-0.46083902925	4.12702579887	915635570.61784231663
2.80361063385	-4.94662710627	272.38629683407
-1.02980262601	-4.18885088903	0.12750429283
0.98180423624	2.90418652925	2024708.23216542858
1.01317660836	4.93015623228	50780647365.17866516113
4.90664012331	2.21816336114	83841.11400100126
-2.25885401403	-3.45491543397	0.01091404109
-1.73969449924	3.26993124114	12605656.60605123825
-4.04733882446	-1.82251789220	0.00041542780
-2.44698660188	-2.11568753823	0.00751705671
-1.52216107430	1.00551111536	152.60726480849
3.54514338847	0.94006043926	1310.23235895073
4.14160537338	-1.31901597101	3956.87991028670
0.93079006255	3.65233127082	85297561.91100540757
-4.36633177704	-2.44781500113	0.00016607011
-0.80629821321	-3.94060326163	0.19936929655
4.45140464500	2.85161657287	1564058.99868617603
0.22811607346	-0.97764809034	1.58565132559
-0.61666146264	-3.55100927138	0.29132294268
-1.85236812408	3.00526474078	3356212.65858177980
0.97080613651	-0.71927459217	6.99740243285
1.31961142787	-4.77774994939	14.00231755764
-2.40192685757	3.70125481754	108936324.19392836094
2.24126003213	-4.37572252638	88.45731013393
2.39157662123	3.20672593485	9190148.70414324664
-0.95622944473	3.19014148371	8458711.67760287412
-4.87791939644	-0.12531987091	0.53446399523
2.70641304976	-1.96445729816	224.26454092804
4.25160297875	-3.64118432447	4930.55066473146
-2.36237869531	0.72293678520	37.14847807255
4.37864971844	1.77438065303	13485.75724453568
1.84149488528	0.17760016859	42.19537137322
0.14426463700	0.11803948182	3.13880798833
1.69752767115	2.08846319029	34309.76758315683
4.50111759622	-0.50313878462	8121.29694323562
0.57870727520	2.79641573076	1181247.15259652305
-3.05596999462	3.67316176904	94660640.16544032097
4.76701414784	-3.50418246746	13822.15882989653
-1.94630029116	-0.51638657142	0.09601993046
-4.57308191018	1.85095824153	10454.53587068519
1.03685573439	-4.44952240836	7.95429050146
1.44951574734	3.43078519476	28174464.68956397846
-0.72060936512	3.84607792112	224725363.20452046394
-2.38111645192	-2.65971290160	0.00854818145
-0.95088948899	2.95946129789	2669245.87158872513
3.71044316345	-2.56049760389	1670.51347554685
1.20004538799	-1.75599720682	11.02433084595
-3.50573032854	2.10106728824	36509.81713160779
-3.26286644628	3.07198701611	4685274.58279168326
-0.08821389905	-3.12456050363	0.83825946499
-0.89901724309	-4.86194426199	0.16562410500
3.11316047926	3.81012110832	187747444.27249842882
2.29435083104	-3.19809896587	98.36663420153
-3.86151098342	-0.21960765856	0.33396724150
-4.64562837836	4.15710263184	1064225518.82352399826
-2.63699168836	4.10227390264	809048572.36411130428
1.47883479462	2.38284293447	149394.17398400625
3.73369434636	0.58477482204	1768.64410319942
1.40431743427	-1.66923028398	16.58749627499
-3.86993755411	-2.28791643156	0.00044588691
3.04776330520	4.22892671225	1524045047.45342707634
2.12973584969	3.94499593293	368510534.49809026718
2.90469023162	1.41578991636	1520.13381031121
4.97382671509	3.24432507705	11111690.81963196583
0.04716308517	3.95450727921	386459022.69147795439
-4.18458659859	-0.41233322969	0.12747369669
-0.17966613262	-3.93690157455	0.69814234720
-2.07663097542	1.17965586312	364.42560674346
-2.62459487765	-4.49050263480	0.00525177207
1.19613220395	-0.63979616958	10.97903831374
-0.48872475785	-3.58905756879	0.37626956173
-1.12568856788	1.45584390169	1449.96123719891
-0.67673810512	1.00646175111	153.54484619383
2.98745240248	0.59700920593	413.21805968547
0.37774045646	-2.31276661703	2.12864446896
-1.72997742439	-3.38961188741	0.03143122475
-3.60747757625	2.41863197843	178645.71831272350
-1.38349714337	-3.73493156455	0.06285063986
3.41914992468	2.61613000119	480505.23142107949
4.80093753038	-0.52476291234	14792.56492548678
2.59020226124	-3.30456471883	177.75470229143
1.80573076294	3.91810768428	322153447.91745042801
4.75390819262	-3.07396351340	13464.56077902797
-2.91222420988	2.30274624160	100080.60972512537
-1.56656730037	1.25960829433	543.54997534464
-0.26362332650	-2.53445006890	0.59023097351
-2.38948331988	-3.30791690256	0.00840474515
-2.80762136568	-1.39348554839	0.00458399863
-1.10656426226	-3.73794881953	0.10935799129
4.62234991794	-1.50668951005	10349.56622892854
-3.89810378860	-1.02744041797	0.00628539377
-3.46048711080	0.50882195153	12.73287544114
0.32604952872	4.04831173636	617727935.65847826004
-1.59494905965	1.52411637887	2039.78987888611
-0.40643550199	-3.47555729405	0.44358273697
-4.62769689126	0.70921826392	34.67760453914
-4.76082172780	2.48869206251	253586.51169874708
1.77515719059	1.52636390804	2097.62421848296
-1.82619030439	2.81202971492	1277158.94515021937
3.88440169885	-1.73080111754	2365.63903958368
-0.23722652096	-0.01521149459	1.54898823581
4.08725272785	0.85687267110	3621.85554356276
-2.10603646118	4.11548675712	864302849.49368143082
-4.83803342102	-4.57063372810	0.00006276801
-4.11546272405	-3.62995594204	0.00026630289
1.48471268524	0.43382999357	28.23156456234
0.04045651818	-2.78998496313	1.08427747404
2.76138488368	-2.23015395248	250.32744096726
0.34746983822	-3.69169108916	2.00358821634
-0.14712713562	-2.84197229732	0.74508768727
2.56990353790	-2.13808411717	170.68285905588
4.37127349897	-3.35558402220	6263.82937271390
-1.08969159571	1.67196080574	4271.97063417942
-3.35020780720	-0.35931228585	0.16709865892
4.74264649126	2.71009703138	780351.14523028152
3.81851490218	0.99145287243	2215.77997929360
-3.65453839154	-0.72386622815	0.02747003113
-3.21261988478	-4.72619406449	0.00162014482
-3.92163931392	-3.27535936971	0.00039245767
-2.44821280546	1.95755455108	17814.59198507261
-2.44539104912	4.20896719551	1379291747.02234625816
-0.35876320942	-4.96244209348	0.48795776753
0.96120629109	1.13321903206	295.74163880453
2.02675408299	-2.90560175151	57.59917095769
-0.21362675883	3.12902668540	6231536.76253983099
-4.44079907904	4.24563239353	1656813419.44704103470
-2.24611676088	-4.58745050660	0.01119561033
-0.72156661800	4.22798891666	1516915120.35539078712
-4.60648415750	3.72367069297	121856351.81747122109
4.11054163628	-2.48617417484	3718.52838524634
1.39487389321	-3.16240487217	16.27691416125
0.67608159390	-3.99045211957	3.86577890042
-0.22219578886	2.23990252331	73095.44916667232
0.67515872049	4.76647402833	22400970972.15553283691
-3.28540534564	1.77860375115	7280.96689879979
-3.42765857318	0.33292273749	5.28468555946
1.18562295002	-0.81001733760	10.72814933594
-0.76451884518	-3.36262679014	0.21674419187
-4.99274001533	4.23365389942	1560495907.47849559784
1.13799792232	-0.46069443429	9.83752266537
-4.76885779774	3.36327636834	20103044.75114412233
-0.58848420566	3.18490957509	8240304.97608488798
-2.02556462508	2.02889265379	25449.82008917175
-4.46435605720	0.15793153633	2.20277482092
-2.70895587699	4.60946569540	10217098497.06555557251
2.24127197086	-2.13798902415	88.45944506781
-0.76520682929	-3.79647335424	0.21644611971
1.36855661348	-3.44656030521	15.44234218625
1.09176571952	2.03649726810	26444.99243699820
2.99578331387	-3.38363878891	400.04083438252
3.14423508927	-1.79661804911	538.32927684421
-4.83988623776	-3.94944562250	0.00006253838
3.79145446660	3.13522201815	6429553.50171403307
-3.59580997418	2.17037833919	51631.73131946965
2.08487115859	4.75759608538	21428345314.41354751587
-2.82924319148	2.06139677250	29940.99764806172
2.74170809971	-4.60682525888	240.66747270905
2.87172341236	-4.41774934871	312.13844542355
-2.74300193612	1.11851819363	268.43435799446
-1.19629527073	4.36453950073	3002459141.58360290527
-3.07128560346	-4.41249527250	0.00214939024
-4.16742894284	-2.77041987470	0.00024096737
-2.97709336224	-0.27497000561	0.25547247089
-3.39095729481	-4.23056768695	0.00113410213
3.22599547971	-2.92789786334	633.96323265888
-4.65352464580	-3.20821781476	0.00009089003
2.37731376587	3.08310551886	4953232.92706795316
1.98282451094	-0.40782665681	52.88463856209
-1.26127115944	4.52100667016	6565098515.96874237061
-4.04155362687	2.97360758541	2864882.59193979064
-3.32579633848	-2.90665029176	0.00129245064
0.87321295324	-3.00818950247	5.73407219276
2.25850075476	1.74272351866	6176.77719843167
-0.51304578317	0.26350390713	4.09255248956
4.74879250827	1.47543095952	14926.53595167685
-0.48708692713	3.66731768131	91934636.59041118622
-3.79230516385	1.38650366167	1025.07268795091
-3.48538501501	-2.78994797823	0.00093980401
4.76746385178	-0.35181315166	13834.76838638269
-0.93444635204	-4.02238902227	0.15429441868
-3.45610176576	-3.16850804006	0.00099569335
4.80582751570	3.14135627723	6642723.98105325829
2.95327425554	1.03845839050	547.31612190196
-0.57399546530	0.84940195423	70.21336778507
0.00893673014	1.82119960645	9010.18628436848
4.05587360529	-2.98842811141	3333.39709183156
-3.92117299462	-0.70455486494	0.02991017711
-0.15379943432	-1.98095989493	0.73526010917
2.89093184376	0.22580143686	327.45572359750
0.61421831698	-3.59640726689	3.41588509648
0.67515181722	-1.58410301726	3.85896017097
2.04794422514	-2.15893670256	60.09272533579
-1.09258069779	0.52186023935	13.70201069199
0.36728380922	2.84366702297	1496046.48256500694
-3.03839215294	-4.74376111469	0.00229554662
2.84909979804	-4.73390658669	298.32980301993
-1.84823915561	1.43798488874	1326.02782469108
-2.37994199978	-2.32760496061	0.00857542716
-1.70139706588	2.22682456431	68468.10583918460
-2.82113995115	-3.35767999880	0.00354482860
2.71745327172	-2.95794769969	229.27142073592
-4.14873931227	0.66769497059	28.17637033554
-3.06982379902	4.91085766871	46109661570.62612915039
-4.09279402666	1.21820972562	441.88481945566
-2.63987121341	0.48772985987	11.46264830256
-2.49849391359	4.10300333309	812004683.08995580673
2.61332994137	4.64501751831	12204707888.99186325073
4.29179507754	3.76119545924	147010363.60250040889
2.35758906739	2.42385002013	183479.58451821026
1.02028355596	1.16334933282	343.57252357094
-3.20254278912	-0.29437744360	0.23114510361
2.74114808432	3.46359880521	33198035.73053007945
3.79733323216	4.62377398354	10974827725.76521873474
-1.38058794130	-3.80432788190	0.06321739389
-3.44947564781	-2.78670997511	0.00100973151
3.60785177150	-2.62982034116	1360.63059550062
4.29872832206	4.02226896556	542313506.87309730053
-4.75873988216	0.18568702107	2.53061959429
-3.33403799181	4.27376517107	1907054716.00538349152
3.46594345227	2.72052673617	809280.07100820681
-0.65811662952	-3.96073753793	0.26814343144
-3.49171189965	3.17883717114	7993872.39721382130
1.20294840066	-1.82418500666	11.08847924290
2.26524614823	2.44517860700	204096.42774826975
4.28899016542	-3.54024901358	5313.36344501317
3.70845413014	3.66325200993	90086287.56309513748
-2.04181028411	3.89762839539	290798741.82428562641
2.46303452414	-4.98814411201	137.83661690413
-4.15212112592	-0.92417708086	0.01009154100
-0.22172410581	1.21410819716	433.55663847889
0.20050699053	3.07199605574	4685487.84520823229
-1.89530685913	-3.10339453519	0.02258192119
2.05853748257	2.26161872657	81539.81198760416
2.29684102520	-4.20703057340	98.85776010719
-3.08405059725	-3.35254732542	0.00209526311
-1.97712808978	-1.53231546515	0.01964348905
-3.87261742628	1.21210888082	428.60914250542
2.78289324190	-0.38213180472	261.47863806385
-2.05615064791	-4.72074757436	0.01637005885
-0.85857670898	-0.26722694579	0.44243633218
-1.60244594755	2.24301160133	74240.01377583036
-4.39614743395	-0.01864952274	0.91111980320
-2.54492295320	2.59703677264	435906.86073212302
1.94460806492	-2.94221717471	48.87256217004
-3.17928375483	3.35752753041	19533424.87169962749
1.48190875954	3.15598729007	7130836.92988823447
-2.46962920892	3.54034954562	48727189.01323625445
1.80588364751	2.33913613198	120089.07930072215
-4.82453660760	1.75879550531	6594.40958395911
-4.32360796728	-3.25614453886	0.00017570008
2.98590883107	3.20327419737	9033174.44120868295
0.44971431351	-3.06296223398	2.45819838508
-2.44553005495	-0.04646440560	0.80020426674
-4.95395360550	0.49105939264	11.64994240436
4.45164255876	-1.34189111407	7356.10075985180
-1.96674965531	2.67503498234	643820.30852100288
3.57764980405	-1.76492346858	1280.87628830886
-0.42416669677	1.42131323776	1220.37939112804
4.44957204371	0.01496839084	7326.77840944730
1.76260517824	-1.31974461380	33.96227887008
-3.45904173096	-3.98523880591	0.00098972719
4.48159382233	1.65671976942	11768.62851847272
3.19509386668	2.67139529804	632805.71164579480
-2.49090216964	-0.17823677225	0.41703155159
-2.48509169564	-0.62106773305	0.05175121546
3.54697328138	1.85828951917	12049.52440135704
-3.83549997916	0.94616787321	113.39116486963
3.50381494118	4.67083904643	13886671215.79514503479
3.10450738609	4.42606902709	4084010291.52216863632
0.22204843200	4.02371906685	546254387.88786590099
-0.52120422091	0.11956472910	2.17076196724
0.38112628434	2.15462578729	47723.24354535389
4.81661447817	-1.20059626837	15263.64472802661
-2.92773636136	0.26244912268	3.71736987867
1.15807938632	0.31262794533	14.91044832610
-1.43319378586	-1.44786452328	0.05762191560
3.20464477909	-2.42674922577	607.46196672089
3.65323613867	-3.27901362289	1489.91191148706
-0.27393803462	-0.30782508638	0.79274518839
-2.25954149487	-2.94634353026	0.01089941363
2.24852938523	-3.61755462097	89.75275924843
-2.61118508226	1.57715069989	2659.13331730163
3.42187444798	-4.84372027934	937.99901225174
4.51707848929	-4.45933489490	8384.64200447056
3.27366998089	0.75668077816	741.35207013974
0.26328389481	-2.03370734005	1.69314956925
3.73729124514	-0.39131545439	1762.80694588357
3.95879437079	2.53074843036	315677.44368924748
0.98779849491	1.43555143308	1317.17784511641
2.98811207081	2.70604938069	752209.95854615769
4.10155488635	1.62505446393	7031.07837535278
1.37342084198	2.74207564446	900220.97873394331
-1.77347950251	-2.53033743690	0.02881532624
-2.72989443246	4.45045068635	4613503721.93054389954
1.15890992081	0.17769366759	12.58491660048
-2.37643842297	4.81509694468	28566048191.32875442505
4.35517676303	2.05456333381	35000.65996410008
-4.32745837826	3.69187659845	103946093.62855081260
-2.13454769826	-3.93643573717	0.01399443968
-4.29540507125	4.65520717249	12842628966.84325981140
-4.62704565765	-0.67327253179	0.03461067118
1.32580958465	-0.06194903901	14.91060886004
-0.13290690514	-3.41944588341	0.76658188143
0.18340979073	0.65755954978	28.22695150201
0.08354447860	4.12266138532	895870946.74896407127
-0.37810217594	-4.12646051724	0.46944489839
-2.43225077132	-4.96332383186	0.00771567318
-1.51328714701	-1.41800776673	0.04931480213
0.38124221766	2.33729388698	118953.44243745628
0.95661521510	-0.56520882040	6.83418621986
0.66734004454	-0.63105462389	3.84140723782
-0.25291105783	4.40955539856	3760346682.84398603439
-0.09835937189	-4.46826735618	0.82142163096
4.06136370596	-2.43612051952	3370.20015058397
3.27687864582	2.98319604010	3006279.11583272880
2.05050079999	3.74863882899	138059399.60889533162
-1.19275065845	3.09820117890	5341440.39643640164
4.21685214743	3.23573144499	10628929.64462674409
-4.96246887588	-1.83880008701	0.00015058633
-3.04355794997	4.29592046083	2130456907.32198429108
-1.49077990518	0.55033799411	15.71980349025
-2.02753475622	3.68041543689	98156841.87851178646
-3.62000865391	-0.18566506296	0.39593231656
-2.89574872056	-1.68882615819	0.00326856599
2.45579953195	-4.50289070078	135.85648400864
4.33345765714	-4.95122132005	5807.55720209391
2.70792512586	3.10408952511	5501264.40632104501
0.78337950886	2.17507664169	52863.78783786543
2.37806982733	1.56689574561	2642.51443442139
1.45601311474	-2.60392891395	18.39403357807
2.97837894869	2.36158407113	134698.30511045470
-1.36809515820	0.93671845559	108.22272562452
-3.81878737954	2.66432811305	610260.11667102703
2.89396208226	3.99847385660	481477452.65374231339
-3.26308628179	3.92629151578	335609076.88297969103
-4.50424879404	3.82507266407	202320437.01508221030
0.58460365224	-0.11692483980	3.77675485354
-2.27429922945	-0.80560515143	0.02839148060
3.65978583233	-1.26790791353	1509.55899967537
-1.45878110890	-2.44253419933	0.05407029339
4.83061499712	2.37057679276	156186.00859924467
-2.33297438857	-0.80805177223	0.02700323340
-0.09171495797	3.31345622891	15670353.88507914357
-1.61037068472	4.70604894454	16559813482.05673027039
-1.11512777323	-2.33912063248	0.10750928550
3.06661484621	-0.34983560214	461.09631375936
3.14201598035	-3.24675644762	535.94522349302
-0.80166182720	4.54444212727	7381263274.86970996857
0.92152815611	-3.38021404923	6.31581193170
-4.79932623814	-3.69468548984	0.00006782955
0.35603565038	3.49309060924	38472455.40417023748
0.05460438256	3.75114375183	139799354.03961041570
1.69400095794	-1.33544510366	29.60799564813
1.09003196164	4.12981004721	928471501.82880663872
-0.72947894984	-3.49023614481	0.23247844074
-0.01085524753	-4.38936874843	0.97852348172
3.79802693588	-2.23104310279	1990.32630957592
1.42551409048	4.51881352302	6493500676.89709186554
4.77594152389	1.18703916989	14449.28046085817
2.60589078006	2.89191837221	1904420.22948727873
-3.48292279457	-0.16382693730	0.44175649564
-1.97886422880	-4.57119579808	0.01910646630
-0.80478850537	-1.43480378118	0.20073841937
-3.71985773447	-3.78310455373	0.00058745842
-0.70279764621	2.27660329093	87817.77843888353
4.43973606639	4.22695789213	1509122541.26835918427
2.40982047200	4.35614088381	2878987371.40430927277
-0.18337785492	1.74616692687	6191.58606655134
4.26573994400	-0.50809262259	5072.02502578942
2.03377980998	-3.61819226652	58.41423558793
-4.56324224006	0.41342733375	7.90227292697
-4.63978082211	0.68069522132	30.06853300813
-0.39263579293	4.42866107343	4137283985.21325778961
-3.14913794041	-0.61228293154	0.04866088559
1.12465927962	4.27079237864	1878917966.26454663277
-4.49488944632	-0.03090210735	0.85695914149
-4.19510124522	-3.26028130755	0.00022716454
1.94922064422	-3.08208221241	49.32550512230
-0.89690804321	4.92774973813	50173292023.09667205811
0.94540817243	3.80039550608	178835610.98316729069
-3.47150569674	-0.73869999686	0.02585011134
-2.59293120826	-0.35861004927	0.17204678515
1.97713242748	3.87608443244	261102174.51997169852
3.80329424844	0.87878661726	2092.36267632074
-1.21570386122	-1.26374398964	0.08971523735
1.45055931473	-4.10668092798	18.19448688033
-3.24225837945	0.96507214395	124.63294418536
0.70332498265	2.49314011166	259293.60332493373
0.43246003074	-4.76136704559	2.37481623916
3.62152196962	-1.16662906325	1398.34690216148
-1.27073739119	3.81455304580	191953791.05312481523
-0.10412796713	-4.65935154562	0.81199919178
2.87640962966	-3.32834834082	315.07769509697
-3.45086795399	-0.60827443016	0.04877533535
1.99562492429	1.39281560452	1112.06156373633
1.30067394458	4.88797605758	41124927710.49314880371
-0.21478926561	1.65064979277	3840.73264639749
-1.54154934087	4.15841871939	1071251680.89761960506
-3.53418938509	3.22358940772	9998513.98752260022
1.00215100910	2.95305998196	2585172.46265820926
2.99631683582	3.06553222943	4536876.87623184267
4.17941861208	0.09676531307	4269.35173769566
-3.92966539612	4.57885715989	8767221719.52780342102
-1.27462966192	-4.42525538221	0.07813952090
-4.87536944256	-3.26276414870	0.00005833383
2.72658695684	0.76265860043	278.79745827723
4.77603526777	1.87526944913	25879.61700363426
-1.20865843896	-4.14577823478	0.08916052637
-4.19016038456	1.18371165625	371.87541711459
3.12349460189	-2.25893530980	516.45555156583
3.95000435718	2.99084867577	3125506.00480108242
0.31975086960	-3.21151316657	1.89553627884
0.18917743030	3.51109698797	42096913.16788725555
4.68283743433	3.05681881550	4354759.38159323577
3.09952828610	3.63892706496	79768679.36454461515
1.90388030485	-4.31415547013	45.04944253944
-0.76427844722	-1.10759009680	0.22078295929
1.42543133850	-0.68881991216	17.33463555030
4.90638376859	3.61403819273	70452568.65538927913
-0.85402956175	-4.01199287651	0.18121717361
-2.40201971092	-3.47646656536	0.00819659893
3.68212239460	-3.36221584533	1578.52285878780
-0.65561171228	1.94628470812	16838.77505404676
-2.65885207635	-2.62443697767	0.00490600000
3.89964699673	-0.06396432737	2439.60578334588
-3.01833952452	-3.09136041464	0.00238967483
-0.63553279460	-1.81619489041	0.28064634067
-2.35186197860	-3.27098705102	0.00906154858
3.07287267244	-1.34930735286	466.72856726690
-2.73537054711	-0.71110039025	0.03277514445
1.74482503790	-0.84615350877	32.78901834180
3.40392387473	2.28174702173	91010.29707623672
-0.83335337846	4.65953138307	13123323649.93878746033
-0.58894670316	0.22604936186	3.40434736360
-2.18000349634	-0.45604749441	0.11503821825
-3.10284849841	-1.57196033212	0.00240385226
1.81477948483	1.20666306821	454.79174145505
-3.48841390746	3.87710273613	262434918.74318796396
-1.74665122367	0.57547088174	17.79760649138
3.50005507365	-2.38828431605	1096.75396278821
4.89557591890	0.09263871945	17876.47242194728
1.28435719623	-4.59166520815	13.04903771161
-3.71271675416	-2.06208317440	0.00062918709
-1.20365522493	-4.09881270397	0.09005718371
2.06488794788	-2.47388055867	62.16399440657
1.87530552311	-0.80985516719	42.56450728202
-2.00887735637	4.84890840651	33827571526.81619644165
-2.75196695142	4.12005809692	884285457.87461495399
2.32460838532	4.98636666979	67260121555.72756958008
2.38014776391	-3.97615738559	116.78043266799
4.00615375823	1.05387204107	3212.16449178682
1.50915677324	2.68782511633	686358.51503112668
4.57960256931	-4.58664204616	9501.50169843615
-2.84677420804	-0.14449691321	0.48891201098
-1.50557956812	4.44010473512	4380916016.34260940552
1.65899476234	3.77458586802	157184293.00556761026
-1.05925127362	-1.82707817826	0.12031928782
1.22452673976	1.54320624098	2255.61314908833
1.83268793494	-4.48741000066	39.07081894741
0.05857357719	-2.39154637172	1.12429127044
-1.25556206973	-1.40866623242	0.08205014663
-3.51497797765	-0.25341081503	0.28254512118
-1.94002850791	-4.65024932227	0.02064964787
2.67167545169	0.57269724031	226.73509576247
-0.37721736089	2.74845843554	929398.31598070241
1.12977628381	2.15092918089	46856.74993476120
1.52713257447	-4.78396144542	21.20559684456
3.72287014280	4.59143593137	9336337113.60902214050
-2.23979089454	-0.08367543172	0.66945212216
-4.03211321480	-2.98628947199	0.00031492199
2.46392094909	-3.72437420767	138.08119728353
-4.89981640898	-0.99367029003	0.00701007556
-4.32238825390	3.99848797515	481511116.31107020378
-1.04371099661	0.19106069318	2.72346572398
-1.00860642556	-0.98787833904	0.14018466321
1.91081762282	-3.30516091952	45.67884347647
1.17561473836	0.12310439307	12.34909172523
2.01378277702	-4.08045420114	56.12411368140
-1.06162190045	-2.48267369854	0.11964696452
3.17654830049	-4.99399308927	574.26823813328
-3.34076404072	0.86186057135	74.38986520060
-2.72962181597	1.74903797873	6280.41017271737
-1.95436950150	3.42756857903	27724939.13479669765
0.98087561463	0.46866738167	17.52770616649
-0.65341739156	-4.08854595933	0.27067544974
-3.32667830556	3.29305487586	14150696.15956394933
-0.79741080992	-4.88209324609	0.20294472661
-4.14732044438	1.62672472083	3407.12353942743
3.85700147255	-3.95251747912	2239.48889086585
-4.61242515857	2.00271782594	22327.82939058605
0.12303466417	-4.74329684790	1.27898824065
2.14722669270	-3.85387033617	73.29214094391
0.97956494371	-0.11510125535	7.65557259460
0.49188415528	-3.52977317119	2.67451570382
-2.31213334615	1.38474606313	1016.11313062777
1.40984048886	4.16132096582	1086910216.87773942947
-3.57183312288	3.59694727772	64665370.77571365982
2.71644180163	2.87851772712	1781056.19008557382
-4.54664893412	0.94244597799	111.30018271905
2.50781665305	1.44678645040	1536.41215016188
3.89684361533	1.93497547738	18338.01635489300
4.42382002287	-1.28631793077	6957.95074723211
-1.28208463122	-1.99650357071	0.07702930824
0.93468565916	-0.15924000354	6.93525826259
0.09396945990	1.94852864688	17029.69900330043
1.07250353110	1.37278247816	965.64641962107
1.47341452770	-1.16069784492	19.04848276938
4.08120621934	-2.40825782758	3506.63595803503
0.31967542675	-2.13104223518	1.89527376254
0.70685776245	-0.62787921890	4.15451128055
2.00754013413	-2.38730920752	55.42775085944
1.64272555970	-1.73708283781	26.72120500740
-0.29689306083	2.26574177065	83176.11386119941
-0.23537002494	3.89958459125	293656994.37175762653
4.84019564177	2.34275382576	138244.12116596280
0.05337878526	-2.20663242068	1.11268063602
-1.30290415996	0.36607617436	6.31010484630
-3.57654799272	-0.76013040089	0.02313862868
-2.50841354156	-0.45929245614	0.10723967511
-4.15057852915	-3.54805150321	0.00024824919
0.42650625611	-2.54924397857	2.34670860705
-2.52842777363	0.18155623435	2.48518190351
-4.46920893254	0.33107005143	5.23504441535
-4.10463738856	-2.36129034930	0.00027957429
4.65111117797	-1.38593189379	10962.35538923356
-0.24319297502	-2.01799996787	0.61488595469
-4.02924649140	4.67468084140	14155997276.09671974182
2.22479055462	-2.25240633762	85.59109602956
3.75713996243	-1.13824756237	1834.04972494218
4.72645337949	1.05443741881	12940.00021018345
-1.64654829164	-0.00957315004	0.99040042184
1.24759760845	1.60863610110	3124.62087779272
2.55849048178	-1.32434975334	166.83227097334
-2.83425882373	-1.34412747339	0.00465874947
0.84058608388	3.94620556197	370746027.57059001923
-3.33522301265	-3.25066928276	0.00126792049
2.92279274438	-3.98363822530	345.70488886594
-1.63860897449	-4.09856132541	0.03773308755
0.97811406218	0.39429156951	14.25373758919
1.29711036322	-4.30532945441	13.38615182207
1.40996436892	4.86569610715	36789581704.43231964111
-0.93869857127	-1.78370588079	0.15312167838
4.25612540412	-3.82433274038	4975.34905156009
0.10371263223	-0.16606746116	1.66640798005
3.52752305228	1.03596165267	1336.33963692853
3.28881718157	-2.30848591593	718.83681912747
0.33283509309	1.29479348286	649.99550925750
-3.05557335065	3.70911162921	113300953.99874645472
0.67751421579	1.79774985450	8016.30613120484
3.08118715552	-3.38587316917	474.55347587905
-0.02725857504	3.53412127882	47233144.31368960440
3.07839722984	-4.92031729193	471.91291180786
-4.50173957986	0.77674101741	48.60408677226
1.83366799956	3.65448555626	86221337.11456368864
4.08751933345	1.37977527408	4542.35262743420
1.26325078672	4.52739372358	6778140371.30597782135
1.32335337279	-0.56243818518	14.16757569686
3.58084124682	0.02788086219	1290.22756367460
-3.98969441133	-0.23286043947	0.31248284711
-1.84814463472	4.35349816919	2841195769.05141019821
-2.83196284200	1.18815252974	380.22826580770
4.15055610093	0.41146385230	4036.17520686393
-1.77419354338	3.43236439319	28397792.37918697670
0.59769539837	2.32697272517	112971.72894544076
-1.39102166867	-1.40343932671	0.06280820593
3.00215455659	-0.16692852527	405.60499430187
-4.45852971851	0.50948961558	12.77459679962
1.88360790049	-4.34916275717	43.25945408270
1.65961906888	4.76203438288	21909187704.32524108887
4.85958310772	-2.53285161910	16633.37030205654
-4.14236944055	-0.65237036696	0.03856971339
3.86778025517	0.91985337445	2387.70236329387
1.48943416851	0.03084405182	20.83229711895
3.58447915489	-4.16934485695	1298.49127239631
-0.66982548339	3.85420073535	234040252.53152772784
-0.51557868641	2.43465461343	193546.85552854187
-0.92761841665	0.02568889800	1.29347419524
-0.63986786955	3.55022995411	51194864.17987065762
-1.97572976556	4.10769852161	831292775.69822859764
1.57130127273	3.65387341517	85957826.57840326428
4.91925144555	-1.88964317302	18741.63681385599
-0.20448567729	2.59272060987	426601.07570941083
-2.54952109494	1.64172628363	3672.51899346785
-4.11728566103	-4.83899737861	0.00026532072
1.53136319431	-2.70519916361	21.38578504499
-3.31706494671	0.45448433198	9.70418415808
-2.24128854542	4.35849336804	2913051051.64925527573
4.71044844574	1.63874313975	15961.78939287690
4.19928669661	0.13837178612	4442.72448051542
1.42091689196	1.83681251704	9757.79187885613
-4.76688107048	1.89638176977	13120.20719077662
-4.39720983469	4.37672154314	3191024033.04741954803
3.59754031648	2.04159307730	28451.19388240764
0.21844958281	-1.61407243833	1.54821265765
2.27052141326	-3.74215385583	93.78855434017
0.94907966339	3.90699972892	304748884.66347712278
-1.09998323856	-3.86940133807	0.11080687683
2.11555987466	3.70735295742	112309094.41592870653
4.86296898886	-2.55175807116	16746.38976978631
4.01068229359	-4.91182123192	3045.33011731040
4.93667745561	0.53914477051	19421.15265780163
0.83827021153	-2.60944987020	5.34702764574
-1.30161795343	2.52121907626	298371.79719007539
1.26099986791	4.89587703288	42782080189.80389404297
3.21784189152	2.58049055187	401918.97484848223
-3.39168323059	-2.66119669148	0.00113412061
1.28302582543	-4.91462240685	13.01433771481
3.57940219893	-4.67682818337	1285.37321886146
1.98379177409	-0.63422000976	52.89860826122
-2.55797817109	-1.64021553766	0.00627459455
0.11404313871	-2.38595599078	1.25620029307
3.08745466735	2.54965519814	344438.93666850025
3.38895291124	-4.63486124513	878.22763242929
-4.04139681942	4.98697676335	67465609544.09056854248
-0.53308094576	-0.57702415721	0.40017559446
-2.38095795196	2.81237366429	1279357.20750293322
-2.79848007706	1.43325836800	1295.03720582109
1.51155957884	1.29615875279	673.04396978654
4.35420568091	0.05006797761	6054.90229851543
-4.86667984831	-4.30408831223	0.00005927327
1.68034965880	-2.66651778189	28.80933232901
0.91470853854	2.22855329250	69068.68134279764
-1.90332577211	-1.89156515338	0.02230054162
-3.35664652772	-0.74013009892	0.02592210678
1.13591521363	2.79506678262	1173313.29173968430
-2.68235361446	0.11098902845	1.74652425830
2.20877294123	-3.52657625395	82.89260735532
-4.52977189339	1.75601051151	6503.21907390748
-0.68472453309	-2.47409006768	0.25425123635
2.60442017440	-2.37523793322	182.88186296619
0.78789883288	-1.49059261000	4.83517619385
-4.80353651068	-2.99917550683	0.00006755855
0.04176746005	2.52802089037	308694.67900070059
-2.40508903735	-0.04571006253	0.80383267200
0.48075597773	-4.79878949553	2.61564822890
0.22664727529	-1.55534877412	1.57390696543
-1.95866769219	1.44315217927	1360.72852653007
-1.22410516127	3.43160946309	28290802.74685980380
-4.52898576903	-2.06542757124	0.00014919161
-3.00305801274	-3.95857005706	0.00246364087
2.26177439393	2.43765727646	196566.35783046827
0.24447454796	1.56624400421	2519.63011435601
3.16942877799	4.54667542707	7464148614.97836971283
3.81579568519	4.35224245863	2823415117.01366233826
3.75756517498	-3.67468278055	1835.60673196101
-1.22036727155	-3.04470389371	0.08709709620
0.97221577707	4.14763229943	1015007160.43728864193
4.03578967995	-4.35352531354	3202.15519298159
4.06278879102	-3.87392149081	3379.81949105476
-1.07411341317	-0.93428957370	0.12604959718
0.36737251743	-1.39829717418	2.08587001407
1.22106937776	-2.46509644625	11.49760946840
4.23952449308	-3.62817101934	4812.87061316366
0.93196104172	-0.47725282954	6.54095331415
4.49024321521	0.89177445296	8032.88662232925
0.59907388849	4.70769782996	16696904000.82307243347
1.80044655835	-2.29400430490	36.63094597742
-4.59457422945	-4.12708319066	0.00010214290
4.21158692045	0.19131396135	4553.92849306241
-4.43633946512	-1.47938341372	0.00075330671
2.18754445987	-2.87011872959	79.44690422240
-3.33448936473	4.72709145607	18397070562.93017578125
4.26394515548	2.70903886860	768191.91318814561
-3.46815995310	1.19481577654	393.10680951533
-4.58734687443	-4.63361828280	0.00010362904
-4.28730477839	0.97592711030	131.58288887144
-1.09541935387	-3.41752547046	0.11182296045
-2.16750338288	2.27422402786	86779.03075322248
-1.92704167852	0.55500198231	16.05997898529
-1.50732748268	-4.57947021013	0.04906276103
3.26121942500	-2.92019545240	680.23535641725
2.19381872896	-3.84548541047	80.45012747643
4.56739368534	-4.43890207903	9272.30584807890
-3.55806013118	4.56362808483	8124421999.90789699554
-0.60586588399	-1.84420658517	0.29778025426
4.25843403152	-0.01004378099	4999.32564360373
-0.01047153938	0.49798934456	13.03990825126
1.84298501508	1.52543216534	2093.09610326273
-2.18239847751	3.63344802163	77612581.77537706494
-4.83616869521	4.20430278949	1347496074.36037755013
1.00886863949	-3.95626565890	7.52128709321
1.15391829783	0.26450179627	13.80547850373
-2.40892639024	-3.61502310126	0.00808414104
-1.36078739189	4.66915234960	13770049549.15526771545
1.57702329283	2.19455991141	58290.91912487776
4.73858927177	-1.97968448948	13058.29113977431
-2.18242554990	-2.62674950115	0.01271852589
3.60586286805	-1.11155378128	1355.23287548730
-4.43823358872	-0.19793500877	0.37183709339
1.87034709276	4.51705549459	6436672039.78910827637
-4.66158289837	3.49454149087	38752563.03294195235
4.11877892785	-1.22550760730	3780.29917717851
-2.42516537445	0.22251343907	3.04998398143
-0.89540976903	0.89970273823	90.05026081508
-3.18961939856	1.05713371681	197.48787184391
2.52809603468	2.70926700220	764166.11594466923
0.43988467842	4.84841479285	33744185715.48810958862
4.58817075799	1.34373721882	10493.45534238029
3.75605337056	1.01859915074	1992.94202901267
1.57685185025	-0.54402627553	23.48852072857
-3.85779063767	-1.65010809399	0.00070694363
4.07787268075	-1.86599222377	3483.33479025030
4.57897778451	-1.69447281842	9489.63653474253
1.82634445069	-3.81798250930	38.57825985149
2.06484073378	3.19504816367	8668861.18256495707
1.53693331971	-0.21479749407	21.96700219272
-0.12034172498	4.06577457106	674089100.33156108856
4.75338692467	4.64508112720	12208603410.55751419067
1.62551495850	-2.05463210700	25.81695005754
-3.96958146403	0.46685244093	10.32219821741
2.99602667668	0.58897772474	419.24413702168
1.24146408211	-3.03597007580	11.97628189957
3.90429004295	-0.23895221658	2461.93542197634
4.20209214380	-2.61652774150	4465.71354062158
1.66266821282	3.76328241831	148547046.68717068434
-0.55461096836	-2.04550894503	0.32985163902
1.83289582517	3.28176573294	13374113.75553824380
-1.75168790465	2.89155984454	1900826.28898767335
-1.06054327279	0.26899069348	3.95790922342
-0.46866776408	3.40160069655	24349052.59240180999
3.40531036089	-1.84218265200	907.43399609803
-2.29174952203	3.30865476983	15298630.15206836537
1.44368048190	-3.77805250599	17.94588721453
-2.65572728759	-0.47673226772	0.09714708163
2.26375801938	-4.60581649735	92.52843833838
3.18079427677	1.69784566188	5441.27824028817
2.60854382830	-1.78655787182	184.39650773123
-1.08509075937	4.49268578644	5698272708.10497665405
-1.84518054176	2.81772325446	1314039.17521796236
1.49994169057	4.81156205147	28065594219.05977630615
-1.19639145439	2.07159654151	31507.64858819342
-0.98977384220	4.99797769130	71280487298.03129577637
-3.02853357170	0.21146731024	2.88103477416
-0.05928504737	-1.80008310552	0.88831291459
-0.40585999912	-1.11080874707	0.44796533793
-4.62522409033	0.72320726443	37.18996271262
1.65115207926	-3.14385112447	27.17518291541
-3.46500909523	-1.70541828484	0.00117601320
-4.17436942143	-3.29332772564	0.00023676541
1.80045042335	-0.58654650895	36.68447002447
-1.88775938577	3.82001131988	197264613.18611204624
-4.46251085546	2.40269214317	164960.39877405349
3.17672968466	3.38916564416	22881821.38631044328
1.13237948620	-3.25450162366	9.62880359969
4.78094005669	-0.63838245329	14212.58338006050
-1.35511518109	2.52700589112	307131.00815240724
4.11078277942	-0.94767324635	3720.33096193947
4.20273667643	-4.00519585978	4471.47384662696
-0.05587631429	1.87745411943	11936.37237175847
1.42147718998	-1.42674880441	17.16720450880
3.09109221646	4.09046133721	762648133.28267896175
3.00887049082	-1.99936220576	410.64992705225
-4.37804597478	-4.77013575850	0.00015749896
-1.23163948033	-2.37591614424	0.08516220239
3.82096342122	0.33215433381	2089.01838932055
-4.75374105030	-0.11080260984	0.57471341584
2.65637690596	-2.71921618580	202.90823206988
3.94697534693	-0.63388719625	2681.05692193980
2.54803329423	-3.25580417587	163.37800891039
-0.27112674320	-1.52941273948	0.58191395965
2.37167598263	-3.57293007775	114.81842475725
2.29822973503	1.03509328973	276.01181129600
4.81228360374	-0.71628902778	15132.03119054510
-0.17197826271	-4.66804090763	0.70895974917
0.38861734648	2.37098081819	140775.19628179490
1.11488381535	0.12107324906	11.12962834638
-4.73582944245	4.36363126425	2988855338.93281078339
1.27428186564	4.66804550772	13694053706.48317337036
4.15039063812	-0.48138051040	4027.10747202367
-3.41884513108	-1.91860648748	0.00114078020
0.16612638458	-4.41370543405	1.39410519104
0.67363575582	-0.57062598535	3.90457849100
-4.98497220614	2.76904837858	1030177.72403033799
4.98807537901	-3.26434810184	21507.36595566370
2.08619880940	-3.67304690906	64.87080126272
1.32086318967	-0.72380583739	14.06422529731
-4.91756239229	1.61682123421	3242.52033505192
2.97478735024	-3.36421331281	383.59016370314
1.90206372050	-4.46050217125	44.88606727894
-2.90589678496	-4.77144809918	0.00299205883
1.64397264575	-1.05682194937	26.79283756516
4.09874184377	3.58171795457	59927758.97310279310
2.04486846903	2.84290443505	1490410.65652344236
2.13942155783	4.31672199984	2363974216.53206014633
2.62269656700	4.40999763225	3768670831.18306398392
1.09893934707	-4.30903968439	9.00588897743
0.29215544111	0.94798548719	116.21965262243
1.20603715850	4.00840702077	505993876.74416095018
-2.44439542758	4.77378080983	23234499283.98159408569
-3.18600357418	-2.25820453115	0.00172121061
4.60611921316	4.71730775706	17518781258.87372207642
-2.53090211400	0.39470166076	7.20221170166
-3.87034063106	-0.74897807794	0.02407299518
3.77502807067	4.19259564873	1270885501.01210975647
-3.20994599655	-1.49303900401	0.00220150553
-4.72437013080	-1.31532449539	0.00147133347
1.94705492362	1.12717239738	329.41274493385
-0.82069603060	-2.67520528627	0.19371174997
-3.25022344001	-1.46970369380	0.00214631257
-0.90141051931	-4.89093101304	0.16483323083
-2.63492652786	-1.65621824657	0.00539762714
-4.75233376008	-2.33901248094	0.00008283814
0.65360842344	2.83059543490	1401396.52014739881
-1.81555814715	1.76998668135	6973.95102508579
1.00763430437	-0.81748163778	7.51952508750
0.08097104913	-4.99016779741	1.17579215895
3.16914895610	-2.73255288203	565.83239602389
-2.55850751873	2.00601027288	22698.44340110122
4.43404011469	-0.05171573070	7102.40651740194
-2.50785982575	2.67918840035	657330.36637398170
2.36669385046	3.85094490966	230261238.52675285935
2.61564941119	-1.24053256259	187.03759585085
-4.75619578353	3.85180931044	231258468.03141334653
3.61384170495	0.63030728099	1400.40074076526
1.77158579496	-0.26643200094	34.84031426474
-4.90148802528	4.51620201164	6409262574.05516338348
-3.66952794237	3.81253966075	190031100.53813946247
-1.17095539972	3.31271465846	15612357.38097551279
-0.77596054959	3.97962368744	438170401.71551883221
-0.40771123260	-0.01239412647	1.38236285649
1.85023717725	-3.92049374882	40.46649527528
-2.77801574963	-4.98723724470	0.00386408063
-4.68887949331	3.27212154849	12744466.59046148323
-0.17203866730	-4.79550232887	0.70887410548
-3.91007976504	3.37491902677	21308042.33611385897
0.47425892677	3.13977364473	6575548.90565085690
-4.51281876059	-2.79807671249	0.00012112566
-2.27692724326	0.33003957074	5.21853670090
0.39609250539	-0.72621331004	2.23470405348
-3.83451466426	-1.90452089526	0.00054024980
-4.76723075791	-1.77671436407	0.00021096432
4.05993879038	-2.57246857594	3360.60931926773
-2.63432451921	-1.04107401616	0.01063758351
4.37839552777	-0.18724473685	6354.08229682487
1.39480917271	0.06272220718	17.64316465260
-1.12980076597	-4.44976125204	0.10439207359
-2.11345736926	2.73983090247	890158.24453327502
0.87030780405	3.05987049610	4409861.20112434495
1.24742419986	0.46485421149	22.33912413977
-3.22428766045	-2.77636179382	0.00158371136
4.29290242725	1.95846780745	23251.21799305914
2.39145018969	4.38196004166	3275709241.05550003052
-2.33206261724	0.51542007840	13.16835454902
-1.59016693791	-4.06435958726	0.04157177449
0.42926944376	-4.57978941581	2.35971037151
-1.82089339713	-2.11898427722	0.02623052118
2.23311097456	0.84749092891	156.25871637037
-1.80710880794	4.45597720718	4742764525.67921352386
4.75748492819	3.71578848219	117160830.25839735568
-1.95837446034	-2.37929627528	0.01991251903
-2.87614708501	1.11389103318	262.29433062599
1.26733707789	4.13767672396	965719167.35222053528
-4.43817143805	0.05850515357	1.33994691405
-2.76145385215	2.99208120564	3142112.89932845114
0.34464267571	-0.92176705054	2.00225465269
3.59796935180	-1.66522768535	1334.00221259712
-1.51481283644	1.95538142784	17622.11421857517
0.07228629175	-3.57133356438	1.15554558303
1.01876981383	-0.40356969981	7.80465187560
-1.00176474461	2.75076380081	940172.96956673043
3.88341828954	-1.98360012477	2360.99070442764
0.33777569458	4.67585154990	14239103003.44780731201
-1.50323076911	4.95982063808	58899779878.52235412598
3.63148421354	-1.29379648836	1426.48622518249
-1.58602534760	3.79890204996	177505162.33401706815
-0.57591047580	-2.54002029482	0.31606376460
0.23713989364	4.90062999003	43810964331.17504119873
-2.32519336487	3.03984085383	3989610.92491733842
3.35973701692	2.51470365237	289636.63451291068
4.96118470232	3.81566517081	193044528.41697514057
-3.40465907078	-3.04593717492	0.00110368816
2.55907968884	-0.36473504211	167.18908305303
3.57164168659	-2.42547231029	1265.57694153309
4.54591592038	1.96482786238	27356.80622274207
-2.03824419408	-1.77241183544	0.01710860553
4.17225057859	4.48908437061	5596585993.36116981506
-3.16820038923	-4.53166707141	0.00177066394
0.47423933390	-1.95067454028	2.58183702508
-2.60331214284	3.30140020649	14753649.48443849012
3.12774280599	2.59069542792	422823.35327531415
-0.82904638897	0.83587950056	65.51698429523
0.63776853989	0.00295903525	4.59552914113
-4.65724433328	2.96967448119	2809093.54094927758
2.29145083491	4.49210261640	5681681696.73685550690
-1.88453268631	4.47061807830	5102979345.50414371490
3.98678027391	4.13793084405	966949880.96640419960
-4.40689393374	4.82999348834	30774967153.16775131226
3.25409660964	2.68404122809	674145.60413316719
1.51855045600	4.90604426664	45013187244.44531250000
-4.35996977556	-0.70611254672	0.02945172671
3.73868965748	-2.09476218156	1767.60239986373
1.18834144481	2.17298553699	52319.97655778036
-3.56545983713	-3.01711145125	0.00080026414
4.07837359903	3.67304849169	94610527.63949462771
4.77031462322	-3.81777195422	13913.70001683187
-0.40521808643	-0.09869646052	1.05516082740
-4.16973477140	3.20796587929	9247181.83388901316
-2.42228425622	3.59192963538	63063213.93164902925
-4.16677519325	0.02488291337	1.13272558184
2.80952869812	4.91691526042	47527594108.25544738770
2.54784013763	-2.74215030434	163.31490704452
3.58293123274	-0.33450136800	1294.66533745606
0.66768442745	4.88591988368	40704293633.20307922363
-1.19613991741	4.43451607007	4260193208.86749744415
4.19383155422	1.68246290536	8894.70965154966
-1.85038388480	-0.47130398749	0.11945393568
2.71928525494	0.41449791263	238.05758101465
-3.07680767394	-4.89989576955	0.00212578244
2.84332450736	-2.61475116047	294.90374703049
2.22014751672	3.91167132104	311951060.79756957293
-0.83467543269	3.80321959283	181378753.77809697390
-2.66475694929	-1.48658069671	0.00543789299
-4.73228734678	-2.60118403145	0.00007979799
-4.27430881025	-2.63473417758	0.00019571281
-2.16570037426	0.44710880121	9.36471689406
-4.02539625802	0.90326501568	91.49904757002
2.13069017377	-4.89360195040	70.90779333066
-1.63936141853	1.71855649413	5392.63524038978
-2.04197088954	2.61612473684	479559.72353285400
0.22689639062	3.59870527529	65236285.65770361573
0.18133606852	0.39476995157	8.63549965068
0.24207377492	-3.38007794084	1.62279111629
-3.71211284173	3.17237158547	7739579.58919494599
1.08960789258	-2.47812638168	8.83937573087
-3.09260687514	-2.45616712091	0.00206430107
-1.86913095633	-3.28665619370	0.02379549870
-4.71576446047	0.39777778198	7.30749021567
1.14250226374	4.84109945665	32532235086.84576034546
-0.21997219177	3.71755661655	118187521.72639520466
4.51901185262	-4.09216591858	8417.12588585468
-0.34199402995	3.41431027455	25946606.60094770044
-3.77487941971	-3.84895436489	0.00052624141
2.35477439450	-4.37093296991	111.00206325266
4.29682481916	-2.58882875644	5397.27588084902
-1.11894485677	-0.60900319952	0.15427895010
1.98383941789	-2.22847386807	52.86170215228
-3.90305940839	-3.39818550572	0.00040727732
-1.20133501711	3.91190247765	312311732.16562920809
-1.81168824966	4.26359445658	1812498800.51951813698
1.49780676070	2.77783318566	1076455.76748210262
-0.45167792188	4.33281463508	2562049024.75198078156
-2.74037972224	1.37660234175	975.56420877958
0.36335304600	1.57650527738	2652.62870593750
-4.70898926721	0.51512833125	13.13982690398
0.84583814345	4.49412304803	5739369747.19649791718
4.63943355179	-3.76222890808	10709.29252221742
-4.19448655323	3.26465843018	12277662.97311836667
4.84275891051	0.08203734083	16084.50273295554
2.03822139710	3.74017718341	132340190.01949736476
-3.25766207949	0.14478855877	2.06402998289
2.42959477753	1.34123726500	946.36688683325
4.26113022586	-4.84342939726	5025.40060294799
-4.37643899507	3.90162864074	296673630.00897300243
4.57264747029	-1.60662560065	9370.24924523324
2.90734111847	2.41727362948	177771.69729272134
4.76722562601	2.06880234696	44898.43290473658
-1.38530230577	-2.64413311991	0.06262594277
4.77977579411	1.94448902223	30867.48542174267
0.75263514646	1.63754296176	3600.99954315395
-1.45330237808	2.71638354726	791684.16155004327
2.88146885432	0.41918185488	326.41480915393
-3.06948441393	-2.05848882956	0.00219103505
-0.92846786569	1.46644365171	1528.92536928720
-2.67484290924	-0.57526690438	0.06109054416
2.93249725174	3.83219793142	209658660.13431644440
4.09488220673	1.05923397890	3803.44408884391
-4.13211197660	-4.70411422978	0.00025756879
-1.15931740986	-4.88306365283	0.09840783841
0.66251879264	4.62544575157	11066947032.80272674561
3.87544294349	-1.84722389312	2323.63007410547
-4.52204517942	3.60872626805	68588218.79416429996
-1.68582333617	0.25250409140	3.56865142344
-1.75865855515	1.43144749552	1283.39039763059
0.34815251984	2.33613798764	118267.80934787104
-4.71973460770	-0.60538594505	0.04854373098
-2.69350159313	1.67115285026	4254.63955619247
-1.10231868214	1.33810207672	804.84316032888
-3.29000826001	-1.99068935497	0.00143538978
0.86784447103	-1.43234508922	5.67361042719
4.67133317556	-3.92020432760	11414.80357404163
-0.34535804741	-0.43197819306	0.61655471778
0.93441930470	-1.67848644577	6.48099190242
-4.53953222755	-0.18720391553	0.39229982598
-3.87288433678	0.28282163916	4.11324957146
-0.98545120834	-4.24836250397	0.13933106538
-0.56248726501	1.91494076961	14396.29844355164
0.56993865100	1.96636475889	18620.00302327410
0.87836543029	-1.00701629795	5.79997241992
-0.33017288305	4.82846437099	30540571659.51751708984
-2.21717221230	-2.90657391929	0.01186332838
0.90346014423	-4.95847393811	6.09165796474
0.81835000487	-0.27918153279	5.38579373128
-1.80057904837	4.55886503271	7933222541.98636054993
1.14852388866	2.88144715888	1807113.35298460955
1.61334516629	-1.17328719853	25.19896096874
-3.65554966308	0.89845706747	89.32601943868
2.94716818014	0.22063214178	365.98954708372
-2.34985534172	-2.49750913525	0.00910168225
-3.42317622342	4.49773717083	5844026434.41992664337
