2.10182302005	6948.53900369492	0.65543298537	0.69313516861	3.05049252348
2.33105052290	3017.97269212115	0.51756278454	0.72861847132	3.23014031820
1.67420646060	10240.24451674063	1.17147813894	0.90039738964	2.69005053691
1.85624065256	1450.57784255745	1.43013894423	0.64533481247	2.84799908971
2.01665298685	5979.97555380846	0.61699084730	0.73182006927	2.98152825443
1.65379124713	3765.75194324452	1.16708625374	0.92354179144	2.67186764709
1.63497698849	1693.33105037349	0.97168317424	1.01252599557	2.65502156821
1.31270447480	5558.52160859671	1.01609841874	0.61692716609	2.35158951407
1.36373479890	7821.38042746849	1.22897531803	0.78119698486	2.40169314005
1.33299121482	3843.30052472734	1.42426584749	0.63937298934	2.37161037017
1.80941571200	6279.43518836332	0.75926641963	0.98526608153	2.80805765311
1.36845114620	5007.75826297259	0.33724393155	0.92893959940	2.40628116739
1.52089543221	4094.59328116022	0.43422710130	0.98465255401	2.55095818689
1.54960259928	1912.90003267272	1.28101423304	0.61919211482	2.57746405977
1.76223562628	3339.49463854213	1.19668957933	0.75875232716	2.76734294526
1.56074841129	2503.17032357296	0.33865067134	0.85837124477	2.58769593922
2.22244154056	10289.27181768048	0.83886316610	0.93425808753	3.14605732424
2.14777059995	8681.83564942346	0.72689410474	1.03101164164	3.08717837678
1.65698438650	8288.12500512583	0.79661879376	0.85003511074	2.67471822423
1.96530519759	9372.53661186795	0.49460386399	0.70497514572	2.93932035269
1.71256250273	3830.18164529921	0.30062707622	0.64819195156	2.72394643560
1.95058529267	5543.16370230485	0.37201889479	0.97884032705	2.92712991455
1.79964181758	10438.10131876984	1.29525789886	0.94074037697	2.79966249379
1.58928157834	6636.32924194124	1.23969649153	0.94904539452	2.61374157474
1.92904951237	2118.95934114929	1.25804073363	0.69113644116	2.90922046435
1.67919566603	3283.02415134184	0.39136634439	0.78501450545	2.69447908922
1.64268799573	1318.04471132524	1.11332638570	0.96214467292	2.66193634815
1.71884250317	7192.45144904842	1.11401644126	0.73686041732	2.72946370546
2.38244425417	2358.55492624856	0.47908727387	0.80917079702	3.26931668710
2.07390012775	3224.57156548684	1.40283979677	0.64366582621	3.02802274733
2.13470283603	6858.71403808101	0.98407197968	0.95019660953	3.07678072375
1.45628863617	5962.35426571248	0.43305990039	0.88334252385	2.49047400232
2.18375810239	7195.63556069088	0.54119650938	0.93479501688	3.11566732807
2.37635350468	8445.86039534073	1.43377697125	0.62004711952	3.26469371248
1.93984161044	5915.26691821102	0.84716636593	0.71528644697	2.91820643563
1.60389271283	8803.79041363823	0.59391594010	0.99631373830	2.62699792671
2.29372652813	3744.72655506040	0.90710119935	0.92552078238	3.20144638853
2.22788113358	3707.71937692707	0.92120844303	1.04742342156	3.15031167471
1.30510150049	8110.12549363664	1.37821601317	0.98769616889	2.34405058334
1.68295145744	8986.04317618420	0.86889061705	0.77407397570	2.69780894936
2.13874026288	6447.63607019743	0.80435336185	0.95997957493	3.07999622205
1.47525140856	8899.41844489100	1.18544789187	0.71241900249	2.50834900030
2.23752781820	4590.38370484300	1.14968787416	1.03381288761	3.15784501903
1.92259025487	8839.15889541248	1.26588631419	0.93896739275	2.90383144858
1.84489030460	7677.39788659448	1.26785876568	0.92549368041	2.83835907017
1.58714987080	6649.73926702697	0.93404249160	0.79692854719	2.61180297671
1.41873336836	5307.90607152848	0.64771544554	0.94691191492	2.45476300417
1.42747087010	3069.84463403524	0.91629545335	0.91170769658	2.46310879314
1.86429399280	5396.83786900625	1.04139208871	0.95098322875	2.85482293258
1.30401059460	10244.67431980272	0.67950695856	0.70895983827	2.34296725724
1.31289125053	3808.49729310482	1.41627593083	0.98751505795	2.35177447041
1.95131991366	5219.36086444329	1.09923369120	0.85561726094	2.92773927161
1.92790912080	9521.86010614463	0.34025732248	1.01660769787	2.90826961281
1.35618610197	9365.03546581423	0.69854552267	0.62401844088	2.39433503050
1.88712270089	10555.29721391892	0.98379861707	0.86654764510	2.87409509261
1.96050670353	4191.80840955946	1.07237193098	0.69062201054	2.93535093107
1.56424343127	5838.17285231911	1.07931043542	0.95118739370	2.59089764016
2.38340065180	2100.61827543865	0.41718316443	0.84238694819	3.27004212760
1.39985938676	10646.06142638890	1.35768369640	1.00599359831	2.43665633218
1.68439896535	6424.27095630544	0.77159914662	1.02352774530	2.69909141308
1.56707649523	5423.64348160946	1.26736943684	1.00924565799	2.59349059272
1.59489694441	10651.25459120676	1.34601155606	0.79548684538	2.61884269125
1.54327564105	2770.21486208981	0.88502649004	1.03491175499	2.57164125306
2.04951295158	9135.29526010192	0.37603006431	0.98306998360	3.00828726439
1.68435844099	3386.48495760007	1.17023555404	1.04850651570	2.69905551599
1.59406782011	7227.10976412584	1.43160215839	0.77339839745	2.61809000331
1.35147399525	4778.05141025929	1.06157135826	0.88387992981	2.38973260653
1.87668561103	3784.76855102716	0.77147298368	1.03435583303	2.86529703845
2.30154682325	1626.77267731898	1.47743191349	0.68025480744	3.20747566374
1.93414665294	1640.63256705091	0.66787553093	0.66115466307	2.91346735976
2.33117782026	5647.58778256086	1.32826202677	0.66518776043	3.23023782880
1.70024938666	7142.50139067045	0.59554357774	0.75708871211	2.71310246817
2.11716728025	7215.22519793359	0.58577931960	0.63960093016	3.06278334141
1.75783486405	6929.41607666585	0.70999246179	0.71425155401	2.76352053168
1.97530223094	6329.18494786499	1.46651765409	1.01224836015	2.94757622670
2.25874227336	5484.26392824998	0.63556754282	0.67358240662	3.17436101623
2.12669940525	9481.45712802276	1.47491240580	0.68179793280	3.07039856017
2.25665837700	3892.30729176815	0.59378521706	0.74532151668	3.17274173080
2.13952516312	1714.57633487529	1.25128291651	0.65200757621	3.08062101915
2.16344326910	8338.06194768879	0.38885404779	1.02406082790	3.09961143946
1.41600787621	8388.48742584810	0.41419281078	1.01207613622	2.45215499904
2.00154895194	6766.68142812546	0.75072896034	0.62616193235	2.96916314099
2.35818911722	6373.01822293254	1.00926622205	0.79671147160	3.25087509560
2.19578204442	5072.20385447615	0.77914626527	0.93987090862	3.12513902649
1.40905371899	9742.89483393451	1.08642416392	0.67939732458	2.44549042239
1.41157981923	9965.82942173384	0.97562025666	1.04010418722	2.44791302987
2.31073632090	8269.49598598003	0.98752615796	1.04313386080	3.21454886807
1.91330102971	6981.92587695614	0.53283025288	0.81830908495	2.89606715007
1.56573556878	1884.51051403794	0.35969455352	0.81822276976	2.59226357568
2.29872967554	7877.62166991510	0.65736771927	0.69870343068	3.20530476220
1.44382360515	3575.20297288605	0.76412184951	0.63668268806	2.47866726796
1.33689968062	7849.10288584745	0.37372577674	0.80783494271	2.37545191567
1.31242647783	5774.22398112677	1.07436608414	1.02879250375	2.35131420330
1.30695484812	8080.17363615748	1.26126615281	0.72999654961	2.34589012566
1.32549987671	9775.57770894109	1.45025937514	0.84049360936	2.36423319035
2.18299961782	4774.64322640906	0.97202285991	0.69281145435	3.11506906105
1.78983875250	7369.25115332901	0.65419328766	0.71556974025	2.79122177240
1.79890119139	7025.28803351260	0.50327738562	0.60325565097	2.79902551251
1.92393620380	8142.34699975003	1.20875444488	0.69613204072	2.90495505269
2.23513472568	9819.05698353280	0.35876885837	0.79940082891	3.15597754834
2.15427487136	1938.66028403336	1.20993333090	0.68643422781	3.09234309663
2.17231760722	8070.45029850432	0.85330386044	0.81723052930	3.10663355580
2.06913496422	6427.73982402858	1.16119048757	1.00228534114	3.02417469958
2.11649383382	4995.66791343948	1.02126061285	1.04256068117	3.06224474546
1.84453491281	4963.24081363057	0.35993574685	0.90351009029	2.83805680305
1.98056064328	3382.90466039321	0.65499848759	0.78516263808	2.95191129463
2.07199893164	1642.29908734882	0.72175692477	0.78370963046	3.02648793494
2.08541728212	5479.31545621824	0.67081413194	1.04134037875	3.03730698704
2.01726198750	4502.29030601628	1.15503202107	0.63661714845	2.98202595051
1.88681219257	1026.74227932098	1.47010151426	0.72347871141	2.87383366090
2.32561689511	9375.75459951925	0.93606485846	0.73965122957	3.22597590155
1.76872663570	1124.83328658663	0.88060108760	0.84535010395	2.77297312266
2.34244969203	9988.26427471864	1.23083134414	0.70102637688	3.23886273668
1.66121448034	4506.15599513564	1.34784395843	0.71948917610	2.67849073063
2.22818459153	7132.70118653480	1.31341639076	0.97055738690	3.15054887479
1.42249945563	2888.48861177725	0.78467957243	0.73233256819	2.45836306364
2.35955222684	2539.24848775131	1.28843775297	0.91790442286	3.25191373394
1.53135792067	1477.02396123076	1.41510448061	0.93828381431	2.56064410257
2.04754098771	10522.50721445119	0.53422359780	0.76717821519	3.00668686236
2.14805043550	3931.92392137190	0.55007314027	0.97316258906	3.08740072420
2.11832047081	8527.62522947065	0.74186338535	1.02554132586	3.06370543995
1.89984805265	7232.28121516414	1.36017582461	0.91287161528	2.88479267473
1.53132305732	8774.54822740147	0.58122114302	0.88422271583	2.56061187616
2.22317546800	10676.97437469714	0.43684923556	0.77335983245	3.14663160648
1.61836871132	10245.68199963773	1.40736183873	0.78427030265	2.64007851999
1.44425218503	1231.66930312985	1.02120479124	0.73371763610	2.47907396882
1.73522982257	6812.32769032574	1.13800496544	0.64189490674	2.74381842209
2.02578259274	5620.53855015719	1.09624107619	0.60851966747	2.98898224666
1.30067568895	10701.87062976362	1.04635943016	0.95134742958	2.33965300721
1.35863436849	10527.66124203989	1.33238284222	1.04059085227	2.39672348609
2.10869433673	2955.60626483801	1.06866212580	0.99502408612	3.05600142153
1.64442619701	8323.70265968666	1.10440454998	0.86592415813	2.66349305905
1.75931279494	5461.31937933163	1.26796883624	0.90433257723	2.76480470950
1.99420372812	9722.72540490802	1.40529256914	0.77556202750	2.96313480065
1.71784106700	2247.11949118846	1.01184106351	0.99958427890	2.72858450251
2.31575675530	6130.28479851639	0.94436781843	0.81446634149	3.21840780925
1.71296542008	6530.39826344130	0.72236423307	0.75905524433	2.72430068841
2.05443454469	4721.32170095094	0.73746311777	0.89021461154	3.01227851865
2.02177818519	4251.05708374576	0.70812613858	0.60977669058	2.98571464655
1.78837857373	7971.41101751637	0.70703244090	0.68271437854	2.78996274916
1.39621046084	7147.70310127079	0.96972549664	0.68951971512	2.43314318521
1.71075588611	1775.91191178235	0.57420040322	1.04553138818	2.72235756457
1.57198238955	4453.42770795629	0.44301508270	0.78627696388	2.59797574351
1.96596167200	5824.54337561345	0.87044567812	0.61153604527	2.93986306580
1.57612598909	9626.18639005513	0.49414264962	0.87981518248	2.60175910210
1.48554682146	9518.22145649818	1.01671991600	1.00885848431	2.51801079443
1.36950826477	2282.01591430569	1.20861702843	0.83980901474	2.40730855380
1.87360144867	9384.58455754974	0.35627507849	0.60235772631	2.86269302586
1.95459219522	5291.84117885151	0.77256977799	0.71198874906	2.93045233459
1.69817052736	5802.13824713004	0.69450074921	0.65299063552	2.71126818878
1.87846057484	7058.49539878742	0.98350297401	0.66457697306	2.86679480405
1.48847134887	7493.17751005420	1.06664134585	1.01643406088	2.52074986953
2.29076810178	1167.41928326860	1.00367035051	1.04255721193	3.19916311101
2.37650653477	3363.45419134423	0.97044916541	0.65182126350	3.26480992957
1.49739010233	9806.53269571494	0.66524951442	0.79810368007	2.52908823437
1.70982207668	8955.40521475989	1.20974539180	0.88174946950	2.72153600996
1.93375966548	7672.78564444583	1.38712846715	0.74927555272	2.91314510071
1.59450909723	7740.07849983377	0.86524057303	0.82443202158	2.61849062120
1.47836565980	2167.61168553150	1.17571489078	1.00398184732	2.51127476079
1.42442208203	4205.08406770844	1.15143641474	0.89598345973	2.46019928767
2.18923681722	4971.95178495267	1.34232933518	0.69707458482	3.11998599666
2.20015255694	9783.42783324570	1.19978379883	0.74938712357	3.12857608854
1.34288329386	8419.27746919404	1.47168955407	0.79089202652	2.38132336154
2.17556475479	4800.63633999497	1.45967075971	0.88710538772	3.10919976284
1.78619758714	2120.02503083617	1.24610013033	0.78522190348	2.78808136078
1.71321048896	6342.13489042315	1.07402093534	0.77688151134	2.72451613953
2.35601001397	1878.38489609244	0.54034260982	0.81339191143	3.24921414292
1.92638120736	4550.30606876470	0.55610001037	0.81368166640	2.90699525356
2.27048693419	3169.75856131537	0.40777554581	0.77402156604	3.18347470498
1.45501592661	9871.08832482687	1.27753992385	0.62563446262	2.48927058354
1.45813176849	6213.36789551082	0.83017341652	0.72514066756	2.49221595461
1.57717629423	10721.15171007174	1.29264369491	0.92533437455	2.60271738775
1.96016894602	7058.94641945989	0.39414544591	0.78649521493	2.93507136692
2.13743151785	2421.54567802767	1.04782884416	0.99087303933	3.07895420542
1.71018491156	9709.60462678077	1.03112910594	0.64926628769	2.72185525167
1.31986599804	1835.65208180259	1.04906785224	1.03985836942	2.35867287349
1.61212754436	10135.49027470101	0.70274249214	0.89036921236	2.63444540994
2.19076411355	8018.99390399903	0.89645881419	0.66817961517	3.12118904621
1.97267596014	7418.46056056024	0.62420597322	0.82417482544	2.94540918032
2.30112768929	10392.38925617476	0.95296532104	0.64414258082	3.20715275326
1.72049967290	4289.51216924743	1.22971568647	0.78328998865	2.73091810147
2.28069663099	1089.29469611751	0.93894095079	0.78666250308	3.19138016843
2.36967264233	2242.77005522783	0.37139856911	0.88844126120	3.25961673487
1.32148258731	2526.47966016069	0.75912986939	0.76940266180	2.36026943888
1.87202736395	2890.66200813745	1.40663606854	0.82169605710	2.86136325959
1.55996346654	9653.24259164623	1.09215042802	0.70718616688	2.58697643009
1.79940287034	4178.40381319193	0.35542040506	0.95372509216	2.79945699818
2.13855310332	7596.67087486261	1.12880917685	1.02234174343	3.07984722397
2.03396764492	5469.97379274523	1.37445371080	0.86585205080	2.99565228321
1.47502871280	9363.24783149576	0.30249405666	1.03985929195	2.50813967749
2.27385784347	6336.63678946759	1.04351122603	0.97652244764	3.18608658608
2.01503826896	4234.14301186333	0.53472583844	1.00131225637	2.98020832648
1.44496195340	10606.56140567161	0.68473693177	0.81454931496	2.47974738479
2.28997066941	2615.66968771013	1.17496740154	0.86269072670	3.19854743680
1.96376046936	7678.67180231098	0.66993622882	0.81539445151	2.93804299247
2.26737058534	5287.75154619704	0.52983811001	0.69558421487	3.18105852183
1.43419722325	9315.35742636107	0.73603271917	0.76339030677	2.46951804377
2.34022228070	2533.23585291911	0.43309771137	0.84558678627	3.23715986038
2.22729914669	5730.42184668322	1.10753119411	0.88139464748	3.14985672005
2.03314350446	8942.52149350544	0.81488670072	1.04071151079	2.99498123150
2.16364575465	9819.80617522909	1.01280517224	0.71261188858	3.09977180635
2.22645966765	10545.33452947152	1.01718276780	1.01101017353	3.14920038326
1.97657816455	10389.70276240355	1.09143337161	0.72021232746	2.94862858805
2.21688947985	2806.09533209388	0.70077752702	0.85276672011	3.14171020708
2.39275781793	9832.28368699682	0.93792314961	0.71239073350	3.27713280908
1.44807224825	5437.65045427246	1.38611384511	0.84926845265	2.48269663599
1.71540402241	7845.09504670506	0.55659635512	0.72829453902	2.72644396041
1.82747319891	10527.21899968343	0.92037691427	0.73470407146	2.82351473317
1.71116307756	3452.45847209075	0.37522871257	0.76485453278	2.72271574404
1.70616634776	3510.62403918352	0.34169213770	0.60491403273	2.71831781040
2.21040924928	3091.01718772080	0.61928104128	0.70886002002	3.13663019506
1.72092442144	8575.32767038103	0.47726976971	0.69728112551	2.73129077628
2.32095914780	9406.48499871670	0.74496405310	0.66763382594	3.22240266690
1.53098593154	3728.77403545147	1.28469562964	0.95886264812	2.56030023249
1.78203400449	1125.33756499126	0.95188020119	0.84250145114	2.78448686712
2.21470955428	9437.92758237948	1.16239125140	0.93735787727	3.14000205197
1.71763602704	3500.10981536594	0.79143663526	0.86098519247	2.72840446103
1.53265524767	4616.71940440962	0.54646683677	0.63197950579	2.56184307104
1.71387156945	2641.56212886335	1.21718526466	0.63473556491	2.72509725651
1.59619993306	6874.16359561692	0.70392786489	1.01246065846	2.62002520484
1.39924782173	7426.41680216597	1.05040958763	0.91324240050	2.43606780982
1.73408582419	8357.11620209062	0.57321553020	1.04549849104	2.74281829349
2.05018358313	7887.07849069643	1.13194850018	0.85932135041	3.00883137712
2.12992123794	6691.66576339253	0.59879379022	1.04425629471	3.07296903071
2.22256433866	1770.21408659948	1.46388979766	0.93972790230	3.14615341699
2.17281549019	2382.00461562299	1.35196237354	0.74044741276	3.10702714190
1.54542072629	9726.79457542211	0.33539964056	0.69377113669	2.57361660537
2.38458741974	6272.08395314445	1.13027431781	0.82252086983	3.27094212611
1.33766455894	8435.95268547409	0.70626590313	0.95136917193	2.37620310994
1.68587138964	8216.82131236495	0.46165102401	0.82783695120	2.70039544665
1.65067234002	9982.92924865108	1.49853910421	0.67358140533	2.66908096136
1.88608463991	10132.81568032535	1.38407079245	0.63145593706	2.87322102440
1.68589613652	7761.41738154091	1.21588949771	0.96781288479	2.70041735905
1.86770198268	7628.83637118620	1.12315999063	0.77949167509	2.85770665670
2.21521599678	10521.61914728709	1.47779838773	0.91519127067	3.14039895931
1.92679858821	6567.32725333411	0.62049171991	0.97912761590	2.90734341575
1.89404499892	9531.09020070267	1.49539632377	0.86838172283	2.87991831793
1.90488628622	10173.77733490998	0.39224930561	0.82036922775	2.88901921295
1.49913692351	2356.83627771327	1.28373776618	0.79773403879	2.53071877742
1.68718876566	7204.14330445483	0.30222753353	0.60625490378	2.70156173210
2.22073334922	2363.90528634391	0.47488050395	0.62542879543	3.14472037322
1.46199327141	2659.62671673832	0.88846368207	0.62737250340	2.49586228810
1.98516203289	4850.11780529702	0.50245997384	0.89526216002	2.95570048815
2.39648646040	9823.47864405119	1.34842067845	0.85448488927	3.27995484696
1.33288638276	6210.73653664731	1.19357417126	0.90044359164	2.37150726372
1.42407286652	3252.29938576980	0.41573125303	0.69957770211	2.45986584823
1.85635067974	8750.51280403977	1.25750132489	0.94883386636	2.84809240822
1.84261000632	1452.63086538578	0.79280538113	0.81591665903	2.83641918259
1.96143698513	4611.93579957891	1.08706168019	0.90615457673	2.93612082004
1.84294478037	2552.59754036208	1.14888404145	0.79135155051	2.83670404764
2.16593097996	9610.22192517197	1.35098442614	0.79455157402	3.10158122100
2.04301935089	6612.54824684314	1.49803686171	0.88009766064	3.00301459808
1.65750462680	2887.98098851626	1.01444166151	0.75169745175	2.67518241998
1.36268062023	3997.20315771121	1.33784602186	0.75144933627	2.40066667317
2.21972434464	3690.14859801530	1.24417211697	0.99147415164	3.14393043902
1.56507668670	5257.80329547467	1.01381484165	0.70568550297	2.59166049233
2.33002604315	10150.78571129839	0.52883975837	0.80604267611	3.22935547337
1.73978556388	1626.17152640558	0.33319219561	0.76976685933	2.74779830916
2.21975767329	1962.57611733978	0.47184589098	0.84068126734	3.14395653408
1.44980110312	5998.47546242652	1.26726519849	0.75727892655	2.48433474994
2.05332529137	5401.45034607608	0.94953858130	0.88785477549	3.01137932335
1.78821117941	9939.51410923565	1.20685307229	0.99051352459	2.78981838586
1.78239338746	4166.86309290784	1.04256167205	0.77275060958	2.78479727671
2.03469040569	3306.97122288289	1.48453931522	0.88695570905	2.99624068701
1.72982635843	9008.23193130642	0.78091844809	0.71621461529	2.73909190300
1.34566016689	10234.80442832145	0.60267590349	1.04795065289	2.38404420469
1.77360565465	8198.26169659842	0.70112763487	0.70662620517	2.77719900970
2.00721164146	4967.71349467575	1.45481035604	0.98258256155	2.97380384835
1.90408569804	9586.34601527693	0.69743127801	0.87073743991	2.88834793960
1.72344725098	10351.12307072320	1.28384979082	0.78221597410	2.73350346235
2.14690108225	3307.86619582033	0.79616937065	0.94487444672	3.08648740612
1.35447203307	3455.57071419961	1.13145818109	1.03877144803	2.39266168843
1.95437373218	4174.54394927157	0.85480995463	0.84271165455	2.93027126924
1.91820325966	9366.12910578908	0.66552783202	1.04221877161	2.90016672154
2.26635255943	1780.01931557227	0.52845684240	0.79974299283	3.18026889913
2.16113096533	10667.03972779344	0.68534577532	0.74337512717	3.09777963759
1.67654098456	9762.62969501259	0.92931108749	0.76622693338	2.69212345651
2.22104239541	8489.48555325894	0.66988847214	0.62512761416	3.14496228864
2.09471637562	9774.94964670201	1.42071940634	0.63262540142	3.04478647845
2.00670480678	3968.81311843589	1.08510468613	0.94824100393	2.97338872417
1.35898794009	5874.40107679892	0.80221662673	0.89239953388	2.39706826086
2.06470386067	7786.16777192716	0.38909147206	0.60666633705	3.02059286013
1.76702543330	6302.79261201967	0.38131920436	0.97155645497	2.77149842700
1.84989014207	3187.29560598455	0.64764421715	0.86880311845	2.84260876554
1.85924456461	1661.49322704858	1.32279382208	0.89364534914	2.85054594201
2.19917947708	1727.35797537905	1.23379677724	0.61539788163	3.12781110269
1.44185937748	2687.45167490032	1.18916982270	0.80841213582	2.47680262309
1.43733385574	9046.17575770372	1.31329897607	0.95162138945	2.47250220849
1.67309957248	4484.57249233515	1.22967879906	1.00653069291	2.68906723382
1.98325947745	4832.37436015470	0.92777387003	0.65051850633	2.95413423153
2.35796602725	2372.66983656626	1.10796962343	0.73489530751	3.25070508385
2.29638690350	8651.19221083199	0.33790259981	0.72537482441	3.20349850955
1.90963704969	6424.12946235833	1.30164081436	0.62161055384	2.89300001749
1.66280987068	7612.63508618435	0.80289579761	0.94281813850	2.67991242487
1.80263873150	3576.42632624278	1.08878386572	0.88015590116	2.80223881669
1.33339352668	4895.03669453496	0.90011287095	0.64542448884	2.37200602604
2.36601485699	8540.08101369508	0.43801244275	0.65357872557	3.25683436786
1.81437802147	10958.56812169434	1.17904057907	0.85151953820	2.81231220176
2.25307802952	10794.93439394793	1.32226268776	0.86644032456	3.16995807025
1.44382818790	10042.35016182610	0.80734563075	0.95492177445	2.47867161705
2.05386154704	3453.02395342752	1.31542659072	1.01469367056	3.01181405602
2.29706336404	4499.17239296255	1.26208257575	0.71797317772	3.20402013811
2.17237591039	10267.28689946267	1.28476296775	0.96489697077	3.10667964767
1.83485166178	3414.36650784671	0.35441914035	0.91743415922	2.82981097617
1.65968980974	1057.03179506060	0.65738241292	0.98635087057	2.67713148590
1.41602444438	9683.01122497889	0.89392315362	0.95957756362	2.45217085979
1.58682514981	9284.89461775497	0.33610058406	1.04187415481	2.61150756973
1.76574957191	8470.84492328092	0.97754597652	0.70171962428	2.77039202360
2.12104318356	6078.92942658776	1.16306988978	0.61646728086	3.06588164818
2.30729784611	3338.86980168243	0.91970862283	0.82111526971	3.21190373148
1.56461168836	9749.67387750970	0.68586564497	1.00644886396	2.59123480494
2.14704888304	7516.17078369523	0.47625857409	0.98049624478	3.08660486627
2.16429920448	8838.11603485616	0.97250308947	0.62541497584	3.10028928749
1.59104892985	9701.95823279939	0.71557692812	0.68798793915	2.61534794192
2.38250473551	9965.22347272126	0.81225887598	0.94390410891	3.26936256687
1.37403019172	8109.85434443210	0.55481737426	0.62516444600	2.41169930099
1.40956093933	6654.32128304410	0.33193553639	0.99290409129	2.44597701797
1.80278542203	10351.10837394337	0.93407612971	0.63835433264	2.80236487128
2.05547102629	6057.72247157737	0.31534919587	0.75987753089	3.01311852673
1.84401976711	3829.50052420845	0.77423023572	0.93195784646	2.83761861609
1.89311311178	1591.13761579679	1.29486195029	0.67139489805	2.87913494418
1.32117453220	4493.34567123087	0.38978286069	0.88816737038	2.35996526688
1.88546484160	9824.34672756362	1.26075547274	0.66085148706	2.87269903919
1.74223783749	3638.80006260824	0.84708394812	0.91727849755	2.74993868127
1.46882877501	9371.87260683817	0.79096554720	1.01818400030	2.50230636262
2.35713510324	4810.47302219521	0.78099252692	0.79446188646	3.25007179246
1.93666149019	3068.38163855660	1.31478866459	0.84226209725	2.91556085738
1.35293012486	7947.11874804778	0.63002372299	1.03768128065	2.39115560718
2.17717105500	10283.29890005809	1.11450705075	0.80650557809	3.11046858187
2.12632338733	3447.38091089178	0.64238848228	0.76082800774	3.07009844883
1.80799806229	9087.25260087809	1.34841297435	0.77606191622	2.80684124099
2.38364264814	4910.17625922242	0.73145655389	0.62926407147	3.27022566444
2.10149282113	1030.68842784402	0.78993238883	0.98656215311	3.05022759249
2.09849568550	4541.97710284676	1.40841480519	0.93604785084	3.04782202617
1.68784020451	2787.72793740119	0.38323679558	0.77290962694	2.70213830658
1.35853590186	2998.46671016783	0.53457441729	0.77338768381	2.39662746216
1.53442898220	1684.68621562706	1.08974466400	0.70733916655	2.56348159337
1.42398407951	1798.35115370960	1.40643182300	0.91611855991	2.45978106641
1.65251314928	1096.21792954167	0.60884717424	0.79947239639	2.67072597480
2.02359688086	3131.60728781930	1.42817927217	0.68530146587	2.98719906223
1.41657272111	6686.10067184156	1.25882730939	0.83357545958	2.45269567962
1.32980543680	8540.11572689106	0.92560658469	0.60384677245	2.36847541100
1.35145672262	1208.51074066531	0.53812528060	0.75290193846	2.38971572276
1.48045905897	2301.48764032400	0.67931793985	0.62521957084	2.51323990765
1.81181872538	6163.45019441025	0.35651376627	1.03125985404	2.81011858189
1.68776782150	5736.13818651782	0.87011886017	0.75621448453	2.70207424685
1.63423430050	10773.39370341253	1.48188598858	0.87265123958	2.65435479988
1.86568067494	4054.38890934833	0.32996269819	0.97032469044	2.85599657965
1.43119975571	10440.87699578911	0.67775519670	0.75903470040	2.46666355090
1.58633776984	9219.05126670780	0.90614151769	1.01100136884	2.61106413699
1.71289719987	10973.15583733579	1.24613932686	0.88274044399	2.72424071048
2.28927156759	6615.51848294110	0.45429215606	0.62209009954	3.19800760186
2.17667478801	7969.99065902841	1.05729448942	0.64968083591	3.11007662450
2.09976306611	2057.21661314002	1.31819240716	0.68207068089	3.04883944080
2.36030801858	5989.99163968595	0.53528422969	0.67560324683	3.25248950323
2.29733226835	10366.59392385041	0.52691724784	0.89465376665	3.20422747505
1.75344860661	10904.31585453169	1.24154781187	0.85955608583	2.75970645599
2.35337966810	5732.23888377243	0.54558872260	0.72615348833	3.24720832939
1.81623149296	1576.08689617940	0.60603016133	0.67157913845	2.81389998252
2.31958554482	3877.23557908159	0.76144065686	0.69349221657	3.22134828231
1.79938585821	3018.86477328053	1.48745374029	1.04600523056	2.79944236721
1.98618121160	10492.94223009998	0.55669817401	0.64196237565	2.95653923904
2.07143412750	2708.84767046050	0.42229141037	0.94263750122	3.02603185412
1.44088568363	4429.76397678089	0.43433476069	0.91168339605	2.47587787265
1.95143663075	2840.66845421346	1.11870481381	0.69859700972	2.92783607724
1.49479816370	2661.33198454033	0.44706860219	0.70839932805	2.52666726123
2.34142598418	9262.24563555466	1.39041132169	0.95377265054	3.23808019265
1.58413837423	7447.28013868892	1.40535497542	1.04211653984	2.60906230342
1.44656813079	4222.26115609327	1.44862375258	1.02375231183	2.48127075224
1.41148114323	1518.99899268794	1.16865435501	0.84887303029	2.44781843297
1.57370127128	9657.38504045661	1.10430118682	0.69761084038	2.59954572779
1.98776594275	4840.92856207299	0.84944948304	0.69904373486	2.95784303895
1.48300458886	5328.38413154203	0.30784858308	1.03299881730	2.51562781195
1.42539186083	7870.19596078257	1.28401796295	0.78624196518	2.46112506429
2.20871657638	3553.51527544727	0.92449117940	0.90479150663	3.13530217055
1.78064983575	9209.12294461937	0.56774133834	0.88390277488	2.78329105843
2.30414621911	3132.73623123282	1.30714762313	0.97050956071	3.20947771126
2.20075994999	3229.04774278588	1.41405257107	0.97839161216	3.12905351333
2.04565237966	4991.94618887864	0.91366950184	0.64217408612	3.00515346374
1.65757515620	3204.68703896881	0.37747352012	0.93706349269	2.67524534636
1.97376215550	5329.35882481235	0.33080048807	0.86543162538	2.94630560211
2.06163314388	4260.61444970386	1.01777074366	0.79592129252	3.01810865919
1.45468664988	1147.57671902572	1.28115951728	0.67858375842	2.48895915715
2.14247634777	8246.88833339981	0.79533109491	0.61674129624	3.08296930745
1.94178485897	3045.94141026824	0.48152501921	1.04424997879	2.91982209156
2.15910194550	8881.62972502844	1.07466781517	1.04208848679	3.09617153051
1.96683938460	5119.52367914938	1.00113607716	0.90879040713	2.94058855187
2.26547664387	7723.38796809021	1.16686979066	0.85222924144	3.17958937609
1.89696095268	5942.59035668783	0.93123378625	0.61259588374	2.88236844793
2.17405303499	9925.91427511483	0.33343260436	0.60748788162	3.10800527030
2.03038532127	10647.36567345081	0.82071263588	0.71071583586	2.99273451116
2.10458034536	9374.17654991824	0.68885331636	0.96535890235	3.05270410285
2.20079916856	1079.46516131544	1.23839050187	0.89439189769	3.12908433800
1.52601617571	10243.25934192714	0.77955674561	0.92668292284	2.55570255625
1.81662099636	1140.03130943453	1.32652749084	0.67191418819	2.81423355939
2.30725024562	7107.64987024570	1.16204659694	0.87628306879	3.21186710120
1.75561201183	9260.60942958576	1.38161053866	0.67022978178	2.76158818031
1.77440980385	7080.78395513682	0.55954780421	0.98184733522	2.77789501185
1.61723517485	1553.28305083633	0.35008887203	0.91302430205	2.63905614330
1.75604283929	9549.78769346989	0.68050925346	0.98065013933	2.76196278909
2.15964520894	6466.66528097698	0.41255178652	0.74216741871	3.09660216216
1.58147900972	9050.83487047648	0.75594959219	0.80808125342	2.60664015718
2.18857632862	3365.16466506170	1.36710929725	0.61339311306	3.11946561430
2.29337738013	4989.20789118621	0.58751657684	0.72867116483	3.20117698892
2.13675760809	6898.69539438601	1.30439591611	0.92257298319	3.07841753035
1.73569728641	3787.13159015237	1.40758719246	0.90825506460	2.74422701258
1.81583784778	6012.50710896145	1.28023938916	0.93804008584	2.81356282606
2.06459961925	6999.26835134861	1.36546193367	0.97539877196	3.02050855623
1.33528238481	5363.60848055457	1.13689679805	0.97602677288	2.37386292098
2.32537558616	8026.01866356689	1.13084900909	0.84038238985	3.22579085777
2.39130329738	9828.84400554418	1.42556859366	0.89760662534	3.27603141627
1.98679862526	7977.47002387224	1.49606740567	0.81841573951	2.95704725676
1.70782109928	10310.92661692590	1.45670422375	0.89991631038	2.71977489757
2.00017720653	4189.63904307728	0.83588534648	0.77443614245	2.96803808027
1.55738824233	10558.74659306051	0.70931687110	0.99538653551	2.58461474747
2.39452399732	1483.48400099370	0.87452742326	0.65133129082	3.27846979393
2.21139349925	10000.31129779086	0.84264260829	0.95069749974	3.13740220135
1.85212651897	8568.02103062106	0.36143793218	0.64108092042	2.84450794865
1.98326994733	5080.18894792903	0.35495090700	0.65132591615	2.95414285257
1.91532109238	7942.37488896386	0.96676392656	0.74799958256	2.89775702947
1.79912551286	1130.26412068875	1.38077772712	0.96236676377	2.79921845430
2.30355026725	5710.49905814251	0.42620967885	0.98296501130	3.20901880006
1.96193132031	1110.03044023973	0.92741191688	0.60476751749	2.93652985896
1.85949529515	3847.23746983712	1.34781574486	0.87560549702	2.85075843945
2.05479650872	7812.72348336494	0.60680043336	0.65387026131	3.01257189099
1.43863030194	6400.43603864589	1.26529984312	0.98109565240	2.47373478533
2.12811743310	10931.80922770293	0.77436991109	1.03451557126	3.07153011787
1.55129269966	10906.81724045214	0.37320256247	0.64414610739	2.57901768743
2.27172208014	2751.01818241063	0.96060969927	0.89549215710	3.18443193408
2.07342730026	5108.07114914805	0.52760351815	1.04890622193	3.02764109828
1.90926497250	3377.13980721062	1.43517857005	0.68176430963	2.89268840303
2.15839101243	2999.46627143562	1.49813058073	0.98709156931	3.09560791804
1.50047988012	7156.50709371925	0.57813190341	0.76154891981	2.53197176175
1.74399478264	10741.90472809551	1.24037515426	0.90278939480	2.75147133453
1.77608431919	1472.00825484107	0.41883615319	0.65324125371	2.77934387530
1.57702977216	6901.34200117518	1.31361392866	0.92631531266	2.60258371993
1.89990814779	5549.92461945829	1.19289288864	0.67983873859	2.88484311763
2.21450402960	1955.45166324190	1.27358180751	0.88812502817	3.13984096732
1.92711525981	6802.66074215260	1.43387183441	0.67786233564	2.90760754787
1.95937457158	3304.67079991159	1.11259996395	0.63932580526	2.93441377296
2.33307587609	9357.90388032470	0.40726945241	0.70635066148	3.23169146949
1.80591516581	5874.67605144981	0.77063376146	0.83546868737	2.80505324093
1.96028312958	3680.32739681381	1.10579084317	0.75945181681	2.93516587983
1.83974618988	6281.29204493643	1.00889627199	1.04045004088	2.83398136495
1.44863570402	7709.70260054757	1.05423066522	0.71646822367	2.48323061416
2.33082799663	7705.07402824385	1.29961205209	0.72653680053	3.22996985592
1.38190806740	4028.53304665199	0.77672196461	0.78637055384	2.41933323598
1.68744529773	5711.70770715543	0.69872149123	0.81371790345	2.70178879498
1.56117376775	10863.69053353907	1.10679391413	0.67711485770	2.58808576894
2.24735910544	1175.14243928630	0.52611030571	0.64040551186	3.16550759521
1.45347194327	8515.21055054225	1.19460795510	1.00902293272	2.48781002794
2.08661639690	3398.81394765452	0.72024909480	1.00708752201	3.03827230122
2.21641901223	1071.67873446535	0.97072067538	0.98495836609	3.14134161970
2.34037414135	4457.54794737499	0.56990258360	1.01863096204	3.23727598225
1.93713840240	3891.44698751233	1.29431829519	0.67143090936	2.91595772985
1.97167869703	7975.72965482194	0.96331051113	0.68668493570	2.94458595869
1.63831959641	9618.93883651393	0.44417533765	0.91296537228	2.65802081015
2.21341119934	10761.73851007917	0.46468710054	0.88209714934	3.13898432434
1.77647262837	1592.48064139269	1.16234088142	1.01372476217	2.77967977001
1.45532727863	7660.77944303869	1.00919905400	0.91025873874	2.48956502793
2.03461896863	2461.82878056931	0.60898740931	0.97679338561	2.99618253384
2.17704198837	10865.96348662387	0.71459416520	0.78313082917	3.11036664740
2.35551731648	3027.80956799888	1.24909973179	0.64850541815	3.24883850460
1.36824810072	4999.62837634787	0.86656703592	0.79442792365	2.40608379207
2.10019061754	1803.06954554339	0.38798636752	0.62911325383	3.04918260415
1.34628653500	1818.26102318656	1.47504109216	0.63867570275	2.38465758720
2.24397974928	3717.51952833299	0.88917149421	0.66765723082	3.16287539457
1.91139101704	4585.85092062519	1.36547175365	0.96464683395	2.89446859875
1.36022470103	2228.53824320156	1.28338430626	0.92326521821	2.39827393584
2.07894908292	6577.36122062788	1.32360933552	0.69741624909	3.03209565575
1.68529358206	6213.32333099769	1.40518042782	0.61325746647	2.69988377957
1.47154654823	8595.81239685994	1.21097945316	0.83041671665	2.50486477767
1.44659464659	10556.40139310637	0.44474864397	0.72056932991	2.48129589461
1.57831302423	4344.78085758527	0.69769712456	0.61534613494	2.60375420487
1.77983266090	6331.03296392408	0.96293395531	0.94769080418	2.78258489097
1.91088351433	10690.75687488872	0.65067670084	1.00105262611	2.89404373323
1.72383975857	5023.35734148461	1.49459912941	0.60156184621	2.73384758687
1.48906674867	9170.82728672679	0.88326311190	0.89059000037	2.52130721844
2.34997388362	2313.15821324888	0.44088312789	0.61534814736	3.24460970230
1.84321294667	5466.09364063403	0.61777929789	0.88100416310	2.83693221831
2.36165776030	7648.75316988951	0.55329089086	0.75892581896	3.25351754417
1.56934159006	1835.14938455151	0.53771670782	0.94472513246	2.59556220567
1.57867142633	8291.41117367615	0.97585295569	0.64780692875	2.60408103597
1.99778866707	8123.19950002935	0.90719152176	0.75308730985	2.96607825450
1.61955416935	10787.47697912944	1.40831197323	0.97541059835	2.64114738405
1.30426856577	7466.96185655315	0.38288286312	0.82812305001	2.34322347256
2.27487621311	10108.01687577966	0.79166062434	0.62125831315	3.18687530863
2.03391091877	7127.94299499211	1.14056754856	0.71066636390	2.99560609816
1.81202423023	8798.22309539754	0.47024359638	0.89971047030	2.81029477503
2.22634789811	5932.17984980332	1.14899362029	0.64015302711	3.14911298923
1.96428167935	6369.42638721790	1.02494662382	0.68391711827	2.93847403947
2.18175217830	2571.64494798218	1.43728234063	0.92394743305	3.11408492065
2.14304287386	4171.87883084597	0.43239767457	0.92411137230	3.08341993261
1.91735044432	3071.09188398615	0.93992038207	0.85632419378	2.89945387744
1.71594829606	5214.39467733435	0.83409190695	0.90504471325	2.72692213301
1.93553575095	7677.85644119778	0.75416844359	1.02902991307	2.91462387659
1.48634130951	4673.05613456615	1.15127234187	0.85129773539	2.51875514019
1.46467893796	3732.41702185516	0.42593327798	0.80878436959	2.49839576591
1.66674594431	3254.02695915104	1.28422973733	0.66935238430	2.68341735682
1.46247986825	3192.82582185177	0.99324800826	0.61006384114	2.49632146523
1.89553994190	6044.30922273507	0.91348280407	0.97481191714	2.88117465425
2.35729986881	3847.45656847017	1.24496119075	0.93674253875	3.25019737699
2.38393280499	9884.98634729654	0.34871499193	0.89634804157	3.27044571659
1.47013946652	10879.58448330484	0.49017392742	0.79920329631	2.50354046504
1.59999597295	3769.88806245598	1.43508355987	0.61924255032	2.62346780232
2.23405857203	3937.17416284466	0.66777878701	0.68456033837	3.15513747098
1.87115782623	10191.81089857101	0.74039862421	0.76139189899	2.86062847104
1.46356969150	10843.87373287153	0.53491008529	0.92123607917	2.49734962918
1.92734108144	3602.25204998242	0.94118266672	0.78415515562	2.90779589122
2.00706334360	8787.69350916386	0.51824599315	0.78848868755	2.97368238948
1.75690088575	3998.03486298773	1.07840129042	0.76646097995	2.76270874664
2.02773902762	8717.18566147237	1.13832145108	0.79985120019	2.99057764885
1.99885292575	6734.03430807728	0.46913538682	1.03854772291	2.96695162109
1.48434028060	9323.80523156411	0.77257384596	0.88025106741	2.51688006106
1.34077595706	1889.77587757784	0.92471292039	0.62220928172	2.37925686556
1.65571808192	8152.87205862144	0.70405740822	1.04352340418	2.67358806388
1.51278279961	6192.84856960675	0.50188895099	0.84278328054	2.54342718354
1.46399691318	9697.88267053723	0.56178149090	0.61694183101	2.49775258637
2.18944020371	5822.69213349371	0.54726454792	0.66664992133	3.12014622562
2.34484791798	7350.50921205937	1.47307420854	0.97709061400	3.24069539296
1.73160121838	1157.47803425143	0.76428210016	0.86124325013	2.74064513604
2.20246169161	5821.68046624701	1.35819351396	0.98899339525	3.13039080735
1.82403535462	6455.70918647473	1.15057032922	0.88908191912	2.82057724527
2.11865315041	1196.69245027451	0.66547522181	0.68075856418	3.06397141096
1.95078891849	1756.72649878343	0.37993823198	0.81480962874	2.92729882938
1.81327625380	7747.67731697459	1.46267525951	0.90159442717	2.81136802611
1.32519678770	5843.10686261131	1.40616825974	0.94768723738	2.36393432811
1.33225971990	4843.35388495477	1.39598547370	0.82284902840	2.37089084050
2.33616887046	10218.33377610325	0.80567589441	0.98731979236	3.23405913048
1.67981682250	6240.28360198861	0.92875314132	0.90874699094	2.69503003218
1.73191837020	8515.32585428369	0.73762299013	1.00198035458	2.74092261010
1.52588795129	8140.21216399859	0.58720016374	0.82437729067	2.55558384329
1.34928321888	9818.43799282474	0.68642941431	0.70042712844	2.38759038092
1.52212188501	5142.70767895344	0.50669857116	0.74556602917	2.55209514528
1.97292935641	2315.26028594402	0.57009340501	0.82456465377	2.94561832444
1.90166676362	2185.07044257753	0.67952153745	0.77379825794	2.88631895585
1.84025880285	9196.96315048312	0.68287604741	0.95625754092	2.83441785028
1.91633109015	9653.47283052646	1.22972362155	0.65680480759	2.89860164221
1.37558629533	2728.95261559484	0.83890120672	0.64679043687	2.41320876754
1.58905070311	2844.75094606602	0.78073656973	0.95155808064	2.61353167047
2.13809263288	7248.35797120757	1.05450786870	0.79474910953	3.07948061774
1.33454564191	6046.53322460917	1.21674951987	0.69291726768	2.37313878504
1.36210728250	5488.38135976520	0.81143784966	0.93131958814	2.40010825800
2.03745607328	5470.51511665112	1.07275830740	0.93647542721	2.99849137060
1.82932284024	8641.23433617020	1.45325663391	0.68505042092	2.82509414849
2.15777499959	2753.23581210388	1.02557018550	0.83681570339	3.09511948915
1.31767347163	5534.15180355749	0.53500700874	0.82268146303	2.35650610679
2.19357445338	3452.97396273823	0.94968327134	0.94440628498	3.12340176802
1.64882066466	7750.70853555615	0.73898229827	0.94756390315	2.66742540972
1.58489188264	5800.29249234560	0.89548659468	1.00706917297	2.60974826737
1.84279792665	5740.26333435846	0.87518107469	0.72872468794	2.83657909011
2.01323422020	6676.09363857315	0.31690738823	1.04763153861	2.97873307317
1.80092308760	6070.97586069010	0.34231774410	1.03029430262	2.80076418322
1.37190486808	8806.37970366709	0.88312041453	1.03767160797	2.40963643849
2.20561283751	1359.00324944051	0.56185110976	0.62516187685	3.13286587960
1.37606317130	7980.58189349980	1.38209108626	0.67902718000	2.41367119847
2.36344437120	9061.98364502110	0.71481875167	1.00315239786	3.25487792581
2.16178298894	3399.29151796008	0.48063063746	0.90185931150	3.09829625793
1.96952204949	5244.35353150403	0.69886195543	0.87925477963	2.94280505037
1.88535384070	7184.38680142184	1.24340655585	0.92982593227	2.87260554773
1.94268689340	1647.67670830257	1.13948480850	0.94961711009	2.92057181541
1.37581368862	8274.55931827613	0.68737196768	0.95974056312	2.41342928181
2.26284882699	8145.91618615838	0.34813106754	0.60346192802	3.17755004722
2.08937952697	2063.94734299804	0.74577359502	1.00096073588	3.04049573865
1.75741989522	9019.68264051135	1.13645739494	1.02153123454	2.76315987743
1.85565249805	1171.84672207614	1.07050059945	0.79429790405	2.84750021004
1.90787830911	8075.50515083643	1.00577101808	0.89110756253	2.89152683385
2.15207913534	5727.30889379140	0.69980496936	1.03491992273	3.09060035208
2.24451504014	9988.43671280165	1.21849674215	0.83124323823	3.16329245391
2.25050739298	4147.35475317878	0.96563627078	0.98339717197	3.16795822294
1.58085601487	8320.89235227276	1.27820313539	0.89114735502	2.60607247090
2.10396860594	8943.80596457655	0.76371358487	1.02014759654	3.05221355437
2.22506091790	3961.34484790309	0.68519996782	0.70326103977	3.14810654140
2.04628837864	10420.19363931887	1.16747916443	0.78373353322	3.00566991470
2.09291483921	7776.32856825690	0.36730116831	0.82500073092	3.04333861956
1.88480972089	5875.70636344347	0.55611415728	0.94212116646	2.87214722254
2.04572668325	6399.07181808629	0.32239472499	0.97406704466	3.00521380427
1.75794947098	2668.13325443082	1.30492183557	0.68827333499	2.76362013119
2.31028905317	3348.21846335355	0.33616681961	0.70577484048	3.21420489531
1.77395769771	6798.68371104544	1.24170240115	0.70997918460	2.77750372515
1.69960476557	8761.68571165146	1.45406651647	1.04267363742	2.71253379475
1.97689055447	3738.16503069817	0.68063592955	0.96560424159	2.94888619393
1.49006783048	4429.77824431408	0.96302118209	1.01765307184	2.52224409837
1.68333478842	10080.67899778905	0.58157291694	0.87604799458	2.69814862112
2.00328607055	5190.62217419399	1.08514072241	0.92283423566	2.97058737418
2.18861723651	8099.49236247069	0.46268272182	0.60213068764	3.11949784664
1.41292846519	7091.42202930720	0.71002063439	0.71584654328	2.44920562879
1.55785147732	1664.29297794176	0.58035591573	0.61901593888	2.58503969904
1.84241217068	8793.70452068765	0.64918418914	0.60814897777	2.83625082993
1.70519037958	3850.00800649228	0.99993742861	1.01113645385	2.71745812784
1.53091668443	5075.99272636335	1.30527270386	0.64691978894	2.56023621572
1.76900020935	1769.96216607043	0.53293462189	0.62684747729	2.77321021210
2.31700416503	9086.98610342555	0.75697501488	0.91290961640	3.21936604639
2.06041958885	10265.11467407585	0.87200727760	0.96383960782	3.01712644056
1.85531352330	10286.86920852492	1.20994879191	0.85733747524	2.84721265549
2.34953800037	3497.99905224313	0.89388361857	0.89810082823	3.24427700012
1.40248251143	5244.71484367793	1.48348818812	0.73260515973	2.43917931907
1.56517169418	4727.85781228982	1.49922860080	0.99354764370	2.59174746091
1.72723582875	8701.85308792953	1.49713913744	0.67622342188	2.73682357316
1.77150543428	10648.46931290678	1.36764343450	0.70159721157	2.77538057429
1.82080065184	4710.78836184613	0.97151969123	0.80533773506	2.81781107133
1.35235007323	6883.40378054019	1.17573487011	0.89214556336	2.39058883464
1.50182592517	4292.99722018704	0.47867897173	0.71998827367	2.53322712447
1.32734625258	10980.78576311933	0.96697692279	0.60766075458	2.36605315758
1.63590946811	1691.57529464718	0.56857493048	0.79115481931	2.65585853537
1.63826150759	7382.79152879873	1.48997011504	0.64085336161	2.65796871182
1.97750643039	9547.03696299583	0.71881553776	1.01579043201	2.94939400995
1.31852034774	5972.11222550715	1.18528340385	0.87767939919	2.35734322403
1.72270009493	10058.03715687810	1.31791631437	0.96512750065	2.73284830881
1.35406795180	3781.91930098927	0.41369203641	0.89888699137	2.39226707035
1.49226923705	8416.84088085831	0.35901881183	0.71057495065	2.52430333370
2.30345182804	1393.93546763804	1.13857210461	0.96925481688	3.20894299208
1.93160815226	8480.94343011019	0.85086579322	0.88161913602	2.91135292842
1.33690573519	8249.99287904491	0.45154271710	0.85639533607	2.37545786267
2.19080367649	8187.08011423825	1.36040449886	0.70459024142	3.12122020490
1.58742144515	6364.68868999327	0.36212698295	0.66163343601	2.61205001407
1.89145464344	6933.67982200498	0.92300687735	0.86816936472	2.87774035665
2.27615793511	1410.20226125758	1.18357882692	1.01995839522	3.18786777197
2.34241343095	6881.73016308645	0.49904462208	0.85555935077	3.23883502056
2.21984158464	7066.47378506472	1.22927549536	0.79721798280	3.14402223266
2.03521460743	9556.08512569363	1.18687998680	0.68195719431	2.99666738425
1.35405943625	2441.77978759265	0.66764186100	0.82679226058	2.39225875365
1.71840690955	7049.88741420333	1.43389077165	0.76986061489	2.72908130765
1.57436427931	8629.91712732524	0.54246197999	0.87523099408	2.60015109805
1.90082043177	2445.77112894927	0.48184452028	0.68101848627	2.88560878662
1.65416767634	6098.48780831783	0.55547968546	0.92597546331	2.67220382060
2.23458083042	8963.53520698198	1.08389527750	0.92418535864	3.15554518392
1.49146754621	3296.11273310497	1.28608711871	1.04053070668	2.52355357504
1.97762497393	5085.44562099652	1.11858875907	0.72430344967	2.94949174604
1.79896059774	6077.78292603449	0.55142082164	1.04376837517	2.79907660973
2.29935321002	9400.49618564533	0.81657449875	0.81745100388	3.20578536201
1.85945351400	9053.91261739912	1.02402026184	0.74099279429	2.85072303026
1.95615096662	4353.84932254892	0.77879536301	0.69145994425	2.93174400451
2.33942889645	9610.24938076780	0.82144489166	0.79198832572	3.23655313582
2.32448512569	8217.94314435774	0.33582475014	0.72539060950	3.22510794856
1.64511595599	5174.41070898868	0.39083361549	1.00477981914	2.66411059445
1.85390201088	2691.23515105207	0.62844235525	1.00574037615	2.84601500738
1.40496149263	7946.06650606441	0.58164246541	0.64168340732	2.44156172635
1.76911322614	2116.78383923891	0.35823185693	0.91853802678	2.77330815201
2.11822023718	2277.21913448391	1.13994587517	0.65603304697	3.06362530141
1.83287688388	1737.57050709644	1.27337108860	0.86351623855	2.82812695589
1.94235453553	8133.88489301255	0.34962573634	0.69342461272	2.92029559505
2.04442309120	5264.65967780774	0.46916052664	0.99005492862	3.00415503971
1.49584768585	8356.38549374137	1.36006028795	0.66512582930	2.52764778240
1.57352653589	2368.48327414884	1.29200090025	0.85234739851	2.59938616381
1.75737230175	10267.98726987560	0.46231444156	1.03650142398	2.76311851096
1.30076193879	9043.83058066159	0.64084441087	0.97918769963	2.33973877068
1.44297671829	9812.76895804966	0.60978000823	0.91511262425	2.47786345593
1.39428593299	9448.03823357415	0.83705304640	0.86627907934	2.43128861648
2.15752050756	7322.35033819246	0.90137476790	0.67898216811	3.09491768740
1.54866405276	8102.72934577176	0.47894471732	0.63007264247	2.57660097202
1.60576664320	3685.61558823479	1.49622183364	0.77996331999	2.62869418698
1.78439100446	1777.94062403437	0.59623256956	0.66780932629	2.78652216707
1.88501230462	10438.09249551279	0.38765105438	0.70484128771	2.87231787060
2.25880276018	6484.89895254972	0.45062107032	0.73012998369	3.17440800735
1.80338814784	5658.75607676650	0.97494299323	0.60457153705	2.80288275946
1.68826304724	2457.43386792324	0.62747942828	0.72172096638	2.70251250230
2.30025774839	5249.91048602269	1.04010044874	0.69853516930	3.20648244677
2.10981214280	6803.18031382586	0.43551459202	0.70944579723	3.05689683361
2.08975325751	9888.34497532494	1.16934337745	0.69212613484	3.04079637142
1.81803225893	8388.76520173492	0.52471050086	0.97451584379	2.81544191913
2.26298150066	1962.28904396324	0.49420555979	0.60787988604	3.17765303459
2.19219717252	7807.48389124289	1.03442249724	0.63324506823	3.12231752408
1.67457076798	10112.95307256184	0.39843705960	0.63990043940	2.69037410546
1.76492371594	3245.60969429728	1.05090782283	0.69398295730	2.76967566598
2.35105119561	2132.16787434083	0.68294148947	1.01505744354	3.24543187764
2.02828892374	2781.96260205953	0.64493351067	0.84747720167	2.99102594538
1.90372578417	10168.88221288128	0.46416666272	0.91092536762	2.88804611962
1.44853997875	3050.42299821121	1.32127683571	0.80155692289	2.48313990338
1.83824875729	9715.51150850513	1.35441009656	0.88505795342	2.83270600300
2.25115154447	6158.38732597335	1.45422952254	0.64467597228	3.16845944163
2.32935564335	2039.27805124503	1.33858222193	0.70279110900	3.22884180252
1.84364021586	2535.03752025162	0.78016430217	0.72733384986	2.83729573181
1.68058710105	9581.47440909103	0.92431437584	1.04853837251	2.69571311444
1.56503862468	9816.84371863336	1.37802920608	0.88260215832	2.59162565020
1.52826522415	10799.85080618328	1.14109046187	0.64250894532	2.55778404934
1.44719905185	4570.30490493834	1.35525873813	0.99291659741	2.48186893787
2.00292959102	5864.50089638900	0.99870189386	1.03090401392	2.97029514789
2.34875693330	1543.04903082164	0.96065606501	0.86421679913	3.24368075601
1.63317539319	1940.32649886110	1.34474273838	0.76948136486	2.65340390268
1.31040487370	2424.12881791559	0.30885721833	0.85479034545	2.34931134834
2.15901179195	8183.74017028844	0.82814533879	0.86640835556	3.09610006331
2.01890956257	6075.73571859273	1.17596660576	0.96405723461	2.98337206833
1.73427155279	6928.41105311888	1.25753819521	1.04395144002	2.74298068482
1.70573646582	4568.34396928352	1.12479739108	0.80264588445	2.71793917556
1.32221360861	7005.37877812417	0.53288706490	0.92394821060	2.36099111859
1.36127617416	5976.64505368270	0.42830248050	0.73942840202	2.39929859470
1.43243021218	6523.00575784202	1.30820900254	0.70763104138	2.46783563963
1.49957273991	10634.28169726286	0.53427750977	0.80028058787	2.53112545101
2.31381337923	6776.31345081940	0.92343560126	0.86159948145	3.21691448356
1.49882627386	5743.75324757521	0.38655787928	0.67954750428	2.53042886848
1.78974884137	10926.17582387230	0.34819748959	0.80029018273	2.79114426078
1.39867514597	5132.01247816311	0.46755477052	0.92925655415	2.43551660713
2.11120611932	9906.77087703158	0.96427485746	0.62546860107	3.05801317325
2.09620281787	8518.17589925388	1.30342393048	0.87373783275	3.04598068321
1.75210047337	9728.16419795976	0.85233329517	0.64569642601	2.75853332803
2.27580470126	7414.98950748924	0.92947892949	0.62723834088	3.18759428078
2.12042089160	10041.18949969049	1.03472565150	0.92057200004	3.06538437322
1.84118291988	6659.66613851507	1.03306355844	0.98667599279	2.83520459026
1.36845245205	7087.45909015418	0.56096867538	0.68490601805	2.40628243673
1.70817054484	6625.41555416479	1.29099590899	0.75550715305	2.72008252019
2.29672352860	1908.43659246549	0.69066590332	0.74642281266	3.20375809464
1.81543602011	6164.63878151761	0.36583990249	0.98720641831	2.81321862761
1.72027014570	5439.00802386810	0.62950528756	0.80800115386	2.73071669694
1.89274013786	2251.19904300128	1.01102895122	0.65905893992	2.87882136220
2.32958700559	5427.81381845590	1.36230395353	0.86895221762	3.22901908337
1.53469880682	8677.15238893884	1.42655007378	1.00614158183	2.56373077496
1.76267976259	9990.44203888932	1.14233864664	0.89590727635	2.76772847585
1.60543607059	4134.33145810712	0.87858467059	0.75725479997	2.62839502078
1.48299121007	10988.08476145127	1.11315419196	0.85189463411	2.51561526640
2.21582107488	4066.58450886662	1.20270031957	0.65225574385	3.14087311579
1.46754379293	8773.25608934580	1.16077141789	0.72313887450	2.50109598915
2.05750833596	9181.90185425675	1.36552206187	0.96000468934	3.01476909588
1.38485515747	6911.09089832457	0.45086308434	0.98554483556	2.42218406421
2.26402425987	9489.49785144084	0.85296130223	0.65997100633	3.17846237793
1.34394504787	7066.12248590379	0.78476077462	0.69567686279	2.38236398901
1.63909440065	5812.72377787182	0.34460014862	1.01052491294	2.65871563261
1.62706221516	9356.95428990460	1.06643132519	0.91730521792	2.64790887850
1.59490081744	5559.57338113660	0.82646739943	1.03111819291	2.61884620681
1.36120048737	3501.34788364088	0.64549432384	1.03998641655	2.39922484987
2.07632002788	10973.31680502424	0.85629667520	0.60341638220	3.02997539331
1.33742671587	4455.22871647372	0.42274483925	0.96271231071	2.37596954258
2.25597398915	6051.65625143800	0.33805951926	0.75300558152	3.17220978341
1.80005998447	7216.96273314293	0.99935817185	0.79794903071	2.80002208968
1.50870602781	2543.09195567344	0.77863837860	0.99985800719	2.53963587504
1.47149234423	3120.81334798412	1.15270521784	0.60426165437	2.50481377261
2.19875472407	8962.91902731478	0.82736535460	0.88222981478	3.12747713604
2.39428000046	1798.88011244475	0.70493307623	1.02957597363	3.27828511636
2.39003304735	6559.19677438511	0.73815615050	0.88888855285	3.27506931179
1.43304442913	2095.74757283275	0.76027407237	0.78076165956	2.46842055221
1.69632267936	4409.62591383745	0.82311465174	0.67774352350	2.70963689881
1.39883528181	7693.87072615830	0.98319209268	0.85498349114	2.43567074868
1.54039693783	7073.10534765395	0.37048968569	0.91683516060	2.56898840074
1.79181066384	1692.45925785562	1.43457631523	0.74226198883	2.79292130270
1.36549139622	5333.48524537157	0.84257920587	0.73649419727	2.40340277277
1.37036813691	1408.36996539459	1.29056787457	0.91406764998	2.40814397993
2.12835691496	8557.00466267141	0.82096052923	0.75381930113	3.07172118629
1.43757913948	2920.42174486353	0.40371877940	0.97730145520	2.47273544646
2.28242413195	10052.47858603395	0.41093592484	1.00354373483	3.19271622184
2.31944947463	7188.57155932188	1.48836826532	0.81387146726	3.22124381894
1.58490073019	7927.52269955439	0.83213136346	0.64020428319	2.60975632095
1.76636208307	10447.04619779098	1.10629231173	0.98236204632	2.77092322655
1.30700357209	5917.18897293176	1.48407112892	0.77276722782	2.34593847095
2.32927988134	10125.64859163173	0.44737500956	1.00337708187	3.22878374831
2.00970109485	5466.39836883479	1.13510749329	1.01389061864	2.97584216101
2.21937317744	2166.48477926235	0.77580407067	0.83744032692	3.14365547794
1.32649470573	8265.43178956053	0.65866639864	0.99141053751	2.36521393113
1.62981031359	8995.00122973222	1.10927984151	0.81969656191	2.65038023435
1.49252339937	1058.29146247712	0.89650008806	0.95514879685	2.52454099420
2.28054759859	5180.68424123981	1.05179673754	0.97849291467	3.19126488521
2.17365397414	3389.26591027258	0.55536941963	0.84094410643	3.10768988852
2.35091834991	2057.86758849699	1.21300125284	0.87015877090	3.24533050250
1.65215218945	2951.12606188313	0.64283964591	0.88181578420	2.67040347271
1.64254316074	5382.98919093032	0.47214939075	0.96644985330	2.66180660253
1.40554871803	6012.75415079475	0.83289316643	0.93445146603	2.44212579970
1.66671491334	1814.82608348251	0.44616818325	1.00375553695	2.68338973935
2.17273836708	7973.86248773990	1.33664651614	0.96897828848	3.10696617724
2.39152409032	6482.08892938500	1.29678406628	0.96102513349	3.27619862450
1.63883273430	10846.41549310551	0.87369972076	0.96723695830	2.65848099408
2.07008471728	3845.93610090602	0.61377006506	0.88715994400	3.02494197666
2.35568626532	7855.73912910194	1.38244251121	0.73821101250	3.24896731712
2.27912809713	2635.50557884233	0.89516081181	0.99628214522	3.19016666850
1.43294640122	3886.66917560540	0.89780506497	0.69082193940	2.46832720874
1.86256817672	2268.08327636208	0.65021697148	0.71580033332	2.85336170706
1.43005377406	3102.62845000117	0.80191981676	0.77076035348	2.46557152450
1.43369859871	1353.22132449624	1.43314654223	0.77440713177	2.46904338799
2.30472345325	1214.17580818201	0.63994474560	0.71262791188	3.20992215833
2.09636553063	1249.23963897519	0.57700650410	1.03170287437	3.04611138332
1.49160273860	10006.99075834875	0.65351915440	0.96937494336	2.52368002252
2.12441266735	10259.88969891842	0.47541043476	0.95090554461	3.06857307829
1.90806817436	4609.53455160088	1.19494414619	0.85250095854	2.89168590097
2.17169407828	4713.71049420228	0.67285610446	0.91192153682	3.10614058723
2.13851473415	8168.41770036355	0.72859293650	0.98942976901	3.07981667748
1.66452669272	5841.30652279666	1.45630935871	0.94769536772	2.68144164885
2.24491791819	6269.93370015352	0.56328915226	0.96584110455	3.16360631757
2.02995553749	5729.39079756456	0.87564033243	0.83826737293	2.99238430133
1.34351146132	5533.34432577858	0.50874507986	1.02601531986	2.38193907430
1.61156493365	9117.09829302133	1.34445951181	1.04125008639	2.63393713380
1.86656022866	9543.96801618653	0.77859792355	0.67794858221	2.85674080594
1.76097915436	5816.99772086558	0.46530548302	0.66382629732	2.76625203485
2.07755110743	8825.90514092839	0.46127594379	0.97462882291	3.03096837535
1.58357836204	4380.59869471460	1.34059344054	0.75049490763	2.60855239617
1.88310216338	3030.54592169545	1.16991811886	0.84458075322	2.87070852148
1.66611090284	9253.11685758791	1.23595455809	0.75012183675	2.68285212587
1.77591764663	8023.89649406669	1.19782435840	0.80904433583	2.77919969034
1.69136354294	9779.91817905446	1.25026978366	0.66545198854	2.70525501437
2.12057161211	9996.74484694957	0.62360027584	0.74724379641	3.06550482033
2.32473725708	6519.20072038310	0.93623447329	0.72754028733	3.22530132427
1.75508862577	5217.51682890561	1.13590384980	1.00657856059	2.76113303558
1.80388738661	7180.15388790595	0.73390742996	0.94899528701	2.80331166848
1.52437503360	3150.29177148519	1.38377140929	0.70084734573	2.55418281424
2.05593324901	1836.84089090922	0.69759322066	0.91889728891	3.01349307030
2.00742300138	7375.15054059202	0.46155956665	0.83817004554	2.97397694936
2.02535046767	4046.71410645777	0.72304238573	0.60085225244	2.98862977134
1.72004915131	8988.15149529459	0.93841403866	0.74649685441	2.73052276839
1.42396616495	10578.95747251502	1.26504463028	0.79768710664	2.45976395969
1.77784875584	5764.27059912190	0.35121700244	0.74330036368	2.78086988176
2.27044063098	4244.71401682636	1.21004725151	0.77431337711	3.18343881580
1.61790411590	9568.59232462002	1.06290460729	0.61445253588	2.63965952367
1.88393492934	2455.29637989168	0.84977089077	0.84202711704	2.87141024055
1.98380774028	1508.26074642147	0.57758298120	0.93800664729	2.95458565141
2.06803848208	4457.81457106052	0.75140971118	1.02799592022	3.02328868856
1.81288221052	7187.34765378301	1.28926663828	0.76927556816	2.81103028277
1.79855997132	2915.95100706498	1.16952363706	1.03413920161	2.79873200408
1.91339026311	9026.48805232876	1.09840952657	0.81548904061	2.89614181493
2.29508608664	5684.59243592999	0.90577383041	0.93995798047	3.20249523758
2.09495733637	6811.18526740609	0.81081879463	0.77159035315	3.04498009157
1.94316473211	5463.06479112997	1.23715126156	0.84593004224	2.92096890688
1.71681435234	8577.63067748977	1.30507669899	0.86431672602	2.72768286851
1.77503660971	5532.82187553761	1.33642585964	0.64547802214	2.77843742309
2.39669479258	9900.52804499368	1.12951569467	0.97736519462	3.28011246606
1.63518496888	10596.63824323896	1.24965314332	0.78711042752	2.65520826398
1.70258261471	2104.93693558192	0.43909504049	0.88194096161	2.71515999544
1.81470490462	9872.90692919613	1.13058022783	1.02986280816	2.81259227965
1.89879845743	2721.88032850691	0.50716071290	0.77773416611	2.88391154617
2.18412806603	9753.79710036927	0.90646826035	0.63175640860	3.11595910919
1.81253539984	3068.38100195429	0.90653757326	0.80908174601	2.81073299639
1.59962290209	8005.08713801907	0.38308659586	0.64172055790	2.62312962938
1.92685841720	9090.73317724208	1.19339782077	0.73991257083	2.90739331991
2.20119422707	1873.37998569730	0.84023405972	1.01960589818	3.12939482891
1.54413206029	8400.18487343409	0.58429528275	1.03673144219	2.57243005406
1.71995380423	2350.11528100009	0.45369139067	0.97279282329	2.73043909531
1.36774698294	6520.75406134863	1.08046290663	0.84180403438	2.40559661223
1.45141854578	3368.00026816905	0.62645777279	1.00284038273	2.48586650853
1.38458669219	7304.28442226346	1.12748834339	0.78337983989	2.42192448029
1.99577184107	8457.55478986092	0.65719527460	0.98780343215	2.96442260807
2.32036350924	3856.56800722040	1.19737979563	0.97434006007	3.22194548601
2.39528515598	1292.79442114018	0.97666927877	0.66044641831	3.27904584947
2.16362012128	3817.07064161426	1.41460000136	1.00660450077	3.09975150531
2.02164083983	4477.77663087336	1.49807317759	0.88654177761	2.98560252130
1.92574486604	6516.11989027337	0.91146983158	0.76895456904	2.90646437850
1.32791260150	5095.91940082901	1.07201383702	1.04466595060	2.36661117911
1.48575549529	7703.93719966882	1.43566311224	0.91571212805	2.51820631553
1.42420380814	8933.75925790062	1.17302948173	0.86778101102	2.45999087874
1.31319792851	1838.82185329296	0.52052209613	0.83794574723	2.35207813550
1.93135915109	7780.34479919224	0.44075083293	0.71727301093	2.91114545724
1.52968396384	9245.03547675874	0.89911124409	0.70111306291	2.55909638757
1.58827115869	1566.09117640500	0.31376317837	0.71949016699	2.61282283317
1.66786554409	3416.55102563258	0.57728695117	0.80170919202	2.68441364377
2.08049513506	7298.17807318309	1.22807070029	0.70349809915	3.03334194549
1.51780356292	5730.01092464017	0.54913466201	0.70312537213	2.54809011055
1.60117421148	1467.04197223324	0.36630117512	0.99940492623	2.62453559419
1.42827795956	1123.91657876990	1.18188069719	0.67881278829	2.46387854572
2.11127564019	3451.44225260966	1.13175178462	0.85359656508	3.05806883908
2.27094926966	3779.91020835067	0.99528172615	0.69678709021	3.18383303886
2.19211303364	7790.42926886524	1.34021920193	0.70514546093	3.12225127712
1.34835775472	1464.70640799919	0.75666878386	0.85733378152	2.38668495908
1.47765707196	4600.57466988767	0.68828817296	1.00865742902	2.51060930279
2.07365184435	6073.12295279627	0.63166321807	0.61129812719	3.02782234691
2.01565619218	5584.08725746067	0.99451673386	0.70880167925	2.98071349480
1.31226939946	8925.55040674759	1.36999707152	0.96015090850	2.35115863119
1.69074796606	3812.35982450329	0.30671095396	0.96652038773	2.70471069107
1.67394568149	2489.04267550447	1.13841963188	0.87259710972	2.68981890020
2.13560185814	5529.97051130907	1.01945124494	0.89916104703	3.07749696055
2.02176685343	4045.52566786399	0.38379864585	1.04558765326	2.98570539571
2.17974431797	3369.01901349824	1.34891790064	0.71991502815	3.11250033411
1.30470988675	10384.82368343432	1.30468447884	0.64076292298	2.34366173720
1.85658003334	2851.38069966672	0.76102499225	0.62155450118	2.84828692437
1.84051965995	9153.12023106959	1.07125224064	1.01558309055	2.83463994687
2.04013032332	8203.29243570312	0.68939142196	0.85335416594	3.00066636027
1.41331984908	10364.79831433798	0.92295006969	0.89241349328	2.44958064423
1.83599817486	10635.46758247842	1.34452930489	1.04954143869	2.83078830982
1.73328211843	7092.42916128219	1.08225246709	0.95287336678	2.74211548567
2.07622147779	7349.95500861504	0.66779286961	1.00813782166	3.02989589197
2.06079230249	8071.38448927499	0.92517175792	0.61546346393	3.01742813242
1.54065860725	9468.15017001060	1.29501005947	1.04110356536	2.56922963224
1.95826945008	3778.47389097910	1.39631258988	0.82869267980	2.93349874002
1.80844664186	2325.48426782884	1.44097176087	0.61096508573	2.80722619011
1.50212095168	9420.54266912545	0.60593675464	0.67962838229	2.53350220796
1.62308763411	5569.41913770010	0.76567346940	0.72058772083	2.64433124624
1.53088599719	6511.10263155279	1.04127205761	0.65704114220	2.56020784592
1.67369375658	8608.26754016358	1.23269219392	0.69409685347	2.68959511290
1.80144702910	4089.69079663604	0.39172855861	0.86081036163	2.80121458901
1.91603850725	9903.87369188303	1.01007244004	0.68775832872	2.89835698963
1.75788552593	4564.79181736912	0.86102933399	0.88170171745	2.76356455991
2.16655224036	3468.86038674379	0.56681224447	0.91168241281	3.10207298010
2.06672832900	10175.96943508914	0.75245310144	0.90456600435	3.02222974549
1.37649707372	4173.41536675375	0.82140800679	0.95104883180	2.41409189529
2.19954956734	10618.71293240312	0.66185117688	0.70308535276	3.12810206665
2.14594926970	9310.06407766332	0.77784334818	0.96628428443	3.08573089556
1.36217688959	1644.06598272000	1.11753654500	0.71045775766	2.40017605899
2.23475890608	5481.10942286176	1.15048891017	0.65660508754	3.15568419301
1.65757375223	8936.50458896559	0.88348815999	0.74101475206	2.67524409375
1.33945466887	10665.61813451458	1.17621485662	0.90598967015	2.37796044343
1.63503657411	8860.31889701557	0.70123390801	1.03302563905	2.65507505694
1.84895700986	7713.35608889646	1.45346365941	0.78931874019	2.84181602446
2.30136439217	8553.18124419126	1.40643474585	0.66692036956	3.20733511785
2.06870433166	8001.74347529114	1.46448163102	0.95191359496	3.02382675252
1.67890310521	10464.50600849718	1.45601058979	0.88305636904	2.69421956694
2.12222636682	6703.38135767018	1.39365096037	0.61229280008	3.06682695277
1.81731867449	7844.30699514033	0.38743625570	0.98105193491	2.81483098200
2.17484940990	9790.50878001064	1.04379809956	0.82462508916	3.10863457597
1.79635655401	6314.69021571783	0.34303218879	0.81622590508	2.79683608323
1.74007157740	6445.03669831720	0.43077808305	0.90656843765	2.74804801446
2.30827068118	10632.57116345177	0.49749926180	0.61094043135	3.21265228900
1.50486474312	7860.88469374568	1.18665201470	0.64916591709	2.53605937004
1.76688125928	5571.73921676376	1.36396623666	0.92835331368	2.77137341987
2.29554619368	5114.65575837673	0.78223196267	0.79000862345	3.20285013019
1.58171620503	9284.58692536618	1.03463608628	0.62394420462	2.60685626835
1.69324619806	7889.19353008483	1.13031686698	0.73018904575	2.70691920091
1.58211960736	2145.36099605885	0.72240403165	0.70658168428	2.60722377923
2.37458969238	2809.99934283544	0.66144878708	0.63956341150	3.26335396209
2.39760453864	7447.84739686346	0.48258660321	0.79386948044	3.28080068617
2.07562273150	9705.99609881041	0.83984806168	0.61168075014	3.02941284105
2.38062625304	10930.71923288008	1.03626416965	0.60162036815	3.26793734959
2.21165063431	10184.92026268947	1.14966419220	0.82121500641	3.13760386248
1.91334144570	5126.26685639022	1.37808236771	1.01761065610	2.89610096780
1.55670593772	9425.64738014723	0.48166762786	0.99036021982	2.58398872803
1.45706891374	8407.21377344444	0.90880821700	0.87084272205	2.49121156628
1.79940708146	5601.52182561471	0.40767917159	0.83376302247	2.79946061986
1.69589712842	7358.63155341814	0.55071882903	0.60523080556	2.70926110762
1.72728645204	6280.31059822940	0.77484717208	0.67151379459	2.73686791470
1.36602124346	2941.99964288245	0.77413500915	0.76195759633	2.40391826084
2.20450704587	10065.45814918433	0.42621792488	0.79130119850	3.13199751411
2.05782166703	1043.69663754223	0.66995525018	0.88123468372	3.01502288275
1.92162111852	6089.08022707761	0.95695798527	0.97165792534	2.90302219143
1.45363415934	8854.89856608227	1.08072107199	0.62616401275	2.48796351143
2.03998588732	4479.00779282400	1.45858711696	1.00359279823	3.00054892186
2.06624298645	2094.96171178753	0.81982691220	0.63046381396	3.02183738678
1.92699635344	4816.17687658282	0.71664273123	0.81300055187	2.90750837172
1.48198999586	6842.45949403631	0.44179935242	0.92085600017	2.51467626495
1.65067370597	8555.16278189911	0.51649324120	0.87111941978	2.66908218233
1.61749542692	10777.04203361814	0.56030206372	0.89051390839	2.63929090219
1.30501669537	2181.36951757885	0.45731902506	0.84787197299	2.34396638198
1.37755052409	2602.57701985175	0.31128039706	0.83308853662	2.41511303772
2.08706529862	7745.21808510209	1.06318858327	0.76255482137	3.03863361331
1.55611006364	5933.56276611473	0.71941742746	0.72075438712	2.58344190886
2.12838420849	4941.98920702669	0.86412983197	0.92716904085	3.07174296157
1.52601760377	3077.50734064886	0.42344711402	0.85444644178	2.55570387835
2.31743939847	1067.82289844167	1.16269104719	0.87945546622	3.21970033039
1.31537599404	8217.82077464005	0.93067952223	0.97620645403	2.35423389132
1.80164532341	10396.77645344902	0.73775958044	1.00097973847	2.80138503723
2.17553644049	1618.26350379262	1.48188514269	0.87544111107	3.10917739357
1.62546189960	5679.47418703755	0.52548552295	0.77439782717	2.64646885996
2.15828889289	2583.97253439524	0.64019759749	0.92863842746	3.09552695305
1.94345194076	9172.70579800347	0.95874022818	0.65600392618	2.92120756077
2.22173775497	6128.93502394507	1.23653090047	0.68436065999	3.14550654768
1.88442231538	4854.62941923324	1.48996521977	0.71475377318	2.87182086552
1.47404989932	6874.61232778952	0.71277256118	0.80658293036	2.50721947442
1.95216378231	8428.85482961123	0.79840153423	0.93357444729	2.92843912138
1.90301297536	8953.56299747847	1.07936133046	0.85113695663	2.88744829033
1.63401159344	8971.96177353415	1.20221389639	1.01539298561	2.65415483215
1.44481172731	9913.91008209993	1.04475552305	0.99723961339	2.47960486521
1.53846604758	7455.93398182235	1.49722352082	0.74643637528	2.56720775755
1.92533855845	10298.59896036420	0.74824135404	0.61433065892	2.90612537068
1.46288855338	9730.35174098673	0.46638194913	0.99210125600	2.49670706818
1.30695835910	2323.53067182465	0.53305740007	0.84477474935	2.34589360938
1.94013027847	1831.97949800040	1.22846005677	0.68341393889	2.91844648579
1.93841596007	4997.21517537493	1.30138221116	0.72190398982	2.91702066089
1.48779608346	2687.08156150574	0.73337698759	0.77513557466	2.52011763840
1.95560992230	9224.06925214206	0.75697295839	0.67989694282	2.93129572240
1.37669044788	1488.28801163344	0.99280807150	0.92064924129	2.41427936510
1.62054999273	10490.39627429277	0.37246624572	0.99574208640	2.64204499432
1.41194526665	6798.06672462599	1.25736863918	0.76615561973	2.44826334455
2.15898392307	3526.69892269644	0.69282521353	0.91605923681	3.09607797061
1.48847229814	3294.38000103824	1.39003561388	0.99635555423	2.52075075822
1.83927759319	5126.99514879578	1.06602059054	1.04427349107	2.83358231150
2.28358393711	5284.22871055062	0.38028140994	0.87622844336	3.19361296423
1.77033528788	9453.81893760227	0.59696916076	0.70991868766	2.77436700732
1.83911676079	1964.85648518078	1.24388865842	0.72975075804	2.83344533735
2.09509381688	1280.91625315933	1.46245924498	0.75002855107	3.04508974990
1.91640667950	2822.78405653892	0.72807849820	0.64431887513	2.89866484595
1.74092573202	3282.21892748660	0.59166245154	0.73324161465	2.74879362849
1.56306787421	9329.21435351134	0.61520891646	0.75031637301	2.58982109895
1.68454252552	7431.45049602127	0.93782256765	0.94391405775	2.69921857771
1.65557939060	1598.08754290962	1.10768931487	0.78598041686	2.67346426021
1.41168612824	4761.53172325361	0.50102823320	0.76913612737	2.44801494093
1.92878648340	6986.65476144698	1.36896733323	1.03287604666	2.90900117470
2.10753342267	4276.69284230869	0.79552359986	1.01423970817	3.05507125331
1.86779903199	9824.46300372269	0.89488738200	0.92309095029	2.85778874202
2.07825228819	5797.61313404037	0.59033571736	0.93211022295	3.03153382631
1.93280381507	8695.80751951987	1.44619070277	0.73773423292	2.91234900444
2.12037344598	6791.86426872889	0.75078617333	0.87200797343	3.06534645664
2.20648251564	6978.96259596581	0.43492781272	0.96559090115	3.13354869109
2.21540668003	4241.01020674188	1.15028206386	0.84584694777	3.14054839040
1.79828687411	2073.85877064560	0.33236081419	0.61609092168	2.79849707519
2.26734874613	3641.33386382429	0.91547322893	0.64612857646	3.18104158410
1.81622652639	8494.80841594286	1.36301887880	0.63071257964	2.81389572886
1.40221415092	7405.03051132917	1.03553289231	0.79446229710	2.43892130018
1.88120823864	5291.34965076562	0.94238868917	0.97812778394	2.86911211431
1.86329309902	2025.20600944961	1.47513646117	0.86620891220	2.85397556285
1.74297186429	4487.54776524880	0.35197110420	0.82546527934	2.75057908612
2.32400843509	6775.89384829163	0.38859574229	0.63188395778	3.22474231839
2.05111971229	1312.33210035945	0.62760717432	0.75135016399	3.00959076659
1.79892649438	5656.47277440941	0.97604283661	0.94818655558	2.79904727648
1.82050831289	2321.75833774557	1.22433305672	0.89742304226	2.81756096783
1.49155880240	8977.76014919249	1.19265181583	0.68123036010	2.52363892890
2.02705448116	2708.12913243101	1.30772252327	0.61774584866	2.99001950418
1.86560585906	5757.36496904629	1.35659174537	0.64978606753	2.85593326765
1.43711798372	6997.84369898762	1.38922830164	1.03613754210	2.47229692311
1.90733845025	3774.07036005697	0.95926191457	0.83873555869	2.89107450706
2.35725747727	6498.11330922195	1.49887619476	0.68174065926	3.25016506648
1.81261487226	2841.32074949264	0.54793561106	0.82110698395	2.81080112246
1.43494606253	1785.84261109037	0.82493508379	0.97180453565	2.47023074792
1.32551377721	1018.01480179610	1.37863846464	0.74908240097	2.36424689626
2.08025556387	9956.59858646749	0.32570250907	0.88448182547	3.03314885162
1.54363406817	2629.72069524515	0.43166419092	1.00207943704	2.57197140452
1.34855006597	6823.17351165482	0.30508849031	0.79912180188	2.38687312842
1.81444248195	7663.22014450419	0.86209090340	0.81548416273	2.81236743415
1.47115829044	6930.73572243562	0.56839323791	0.61050050662	2.50449941505
