3.99345407774	2.87433243743	6.31308925745
2.61636321437	2.91377373432	0.08783330996
2.73607100738	4.88536149004	0.20085719868
0.49426604948	2.69647168467	0.54316386875
1.27092020316	3.75719941829	0.54343070369
3.07236358495	0.74935514879	0.83285145297
1.39351697935	2.46792509808	0.47668164697
2.08588942742	2.72228771248	0.05141119756
1.45159389593	2.15220088505	0.44154046174
2.06309870827	3.42638337800	0.06141975140
0.33321032517	1.79381232318	0.41847177080
4.83894515994	0.19188461706	19.43769649729
0.63335886871	3.44905277617	0.61222206533
3.80388644069	4.15374535789	4.59489694802
0.39562292106	3.99821395444	0.47263746958
0.69047938374	1.35483289289	0.63068980610
1.25758302031	3.73197928641	0.54996612626
1.03352444800	0.43379860418	0.63259764394
1.99460448512	3.46561827908	0.09497813339
3.88351160635	4.81397047748	5.27190605077
4.72136323610	2.62899523235	16.97969197334
1.75733745630	1.89288485120	0.23926194067
2.45425618221	1.98119392977	0.00751195662
4.27247827716	4.17473517275	9.56769473448
1.43927281663	0.77102479556	0.44915184194
4.40966226091	2.53935435893	11.52568719979
2.86316864246	4.26669715051	0.38011104000
0.91169044666	0.42184161017	0.65188434266
4.88489057285	4.23840792709	20.46272154899
3.42941829825	4.98625097040	2.17607669701
3.50373144987	3.58736556861	2.56450208229
0.92529329059	0.74033214999	0.65074869458
0.97483860269	3.85411932133	0.64440738761
3.31608047941	1.93226949033	1.66073159223
2.84799663488	2.47279479600	0.35520792223
3.65884200987	4.58629841024	3.51611519581
1.07476498164	4.28912327202	0.62165791197
2.75800385252	4.74142695028	0.22718878105
3.85776746405	3.32923993105	5.04614472441
3.01040744366	4.30980270375	0.67630504023
2.51063284902	4.71903912485	0.02689464557
0.36626495464	3.67173522667	0.44809054266
0.84290651485	0.98153933285	0.65347085647
0.38458982951	1.24555455710	0.46360575220
1.19588352703	3.63947239918	0.57805532685
3.93880421686	2.35929444094	5.77965955182
4.60259051305	0.19266745729	14.72693733710
4.15757847986	2.26426387863	8.11505612375
4.86946591158	1.09146204626	20.11445947132
4.89257590346	4.24390425493	20.63781986891
4.55579906914	1.89103497227	13.89995809149
4.92644877722	4.71665842955	21.42217430030
0.99853048244	1.36636789390	0.64018648988
4.20911576539	2.43100202362	8.74631398118
3.14027939120	2.86114160285	1.02821522227
4.27338299012	1.95598368258	9.57979254990
0.55496152164	2.30169695437	0.57758431651
4.36892311607	0.48345209169	10.91778737047
4.30188297608	3.94649417770	9.96632053446
2.94215602336	1.61581484759	0.52630857932
1.63864702195	2.47607917784	0.31907712128
2.96233929990	1.95585632024	0.56830224591
3.49573085757	4.90276686594	2.52066973809
1.86751505710	3.06969201114	0.16822367503
3.10345789949	1.05784130880	0.91912101241
0.53724595451	0.29104230405	0.56823264604
3.87129271037	1.60548795329	5.16392225617
1.49819374957	4.67251678292	0.41209741013
1.11302990418	2.82650328732	0.60966470275
4.00575590939	2.08607464247	6.43760847758
2.82841196385	1.25807299420	0.32451548436
0.72296371369	3.13547494305	0.63871925481
3.18849044616	0.27387811041	1.18283588984
1.90660578171	0.32611490778	0.14445088672
0.91586751412	1.16821941782	0.65156387848
3.17352303694	2.78650625508	1.13337247202
3.26143681424	3.42077703827	1.44341887042
4.15588676129	0.61702776891	8.09488235554
2.90372708807	1.61234295500	0.45164353462
3.35970360704	0.61900309428	1.84848477487
0.13369669673	3.01563552961	0.19436831856
4.21760898796	2.80876900404	8.85348086146
2.99281350942	2.45675258231	0.63544545618
2.33155680151	2.19382801813	-0.00733280180
3.60864282715	3.50247045964	3.18634678182
0.40563672377	4.64077111190	0.48063395129
4.50433512908	4.38572134907	13.02842445736
4.93852228380	0.67867604835	21.70675997781
3.35560002312	0.77396598918	1.83026903970
3.37251200090	0.48201369426	1.90609243988
1.16171661909	2.72412597882	0.59198524015
1.74823105709	1.54165988435	0.24531871172
0.65058067761	1.85226677153	0.61838156184
1.89940418861	2.58373965167	0.14875840398
0.13034125194	1.15391062083	0.18992655673
3.05359983619	3.30618239824	0.78331719230
1.18121785402	1.12773584530	0.58418286221
0.72124369315	2.49630466243	0.63833832333
2.49274661005	2.78121743780	0.01981550915
0.66723826329	4.97605242926	0.62385149349
4.87032724578	1.58225929400	20.13379593131
2.50909532288	0.46707093550	0.02625124058
4.14948027001	2.17795221530	8.01879650023
2.43288243896	2.91914881631	0.00234144241
4.02981811420	3.26149987860	6.68597717220
1.89693705051	0.32912480115	0.15024191684
3.75561743780	0.43903765542	4.21439298460
4.54819659427	1.51734291933	13.76872783027
4.16046160831	2.26890492985	8.14951687539
0.92647470012	3.66249016341	0.65063756589
4.87006187087	1.42040884338	20.12783702072
3.02663877262	2.75333220498	0.71538959233
2.78954467852	0.15050869642	0.26832543756
0.41241129150	2.46933230196	0.48593564251
3.88218054473	4.32120358135	5.26006959735
4.06468239575	3.87827793486	7.05730870177
3.47541514359	1.93177392356	2.41157726805
2.15100640854	2.06119296484	0.02648951322
4.24748069386	1.91860237004	9.23757634071
4.36228235967	2.13868051968	10.82084852499
4.46375359596	1.54598754801	12.36858866420
2.82019564975	0.56165303910	0.31211927870
4.19499673944	2.49657787246	8.57013995498
3.65310312300	1.44861280610	3.47732059689
2.03950326323	4.70702684742	0.07241717072
4.88243290197	0.10747626666	20.40694912431
3.02635595807	2.31513815231	0.71469704264
1.71081416319	2.17824693559	0.27037731190
0.78741750162	2.13919090530	0.64949907209
3.29068572557	0.97959187512	1.55731417755
1.46704654364	0.67310707412	0.43188709487
1.62893095360	4.40467208446	0.32562982833
1.98926851886	1.04670813048	0.09779132806
1.43282462741	4.60881799102	0.45310341739
4.40103012744	4.39090227830	11.39497046825
1.66829827417	3.24082495594	0.29905290200
2.72802956804	4.49090088578	0.19165920549
3.61823781044	3.78256846413	3.24772057834
3.02338843428	2.23951657872	0.70745502338
1.51221559363	4.16677508791	0.40305806918
4.59449086567	2.73967018373	14.58139209049
1.81410520416	0.23735804639	0.20205015977
4.61312633184	0.81924167657	14.91777404903
2.44824504196	2.44935578992	0.00594059678
3.98140732179	4.44697208154	6.19274836488
1.47480263710	2.84974167986	0.42699909607
3.63934786077	1.81619582078	3.38549463179
4.90127716094	3.85455215763	20.83733695217
1.32214417442	3.54447754672	0.51692867436
4.67483848698	1.98474814503	16.07046320458
0.85435477929	3.92274260308	0.65369791541
2.13710500123	3.22735424653	0.03132351308
4.99199362400	4.12694965080	22.99931965616
3.67278511712	2.11273738772	3.61156552359
3.37088994794	3.32632427447	1.89873380854
0.10254074244	4.15327462578	0.15226291610
0.84880913607	1.08593632586	0.65361283709
2.50189853709	3.85570704044	0.02332721276
4.68179010926	3.90189338150	16.20409526171
4.62117407118	4.97862820262	15.06470327948
3.70154931541	0.81626269250	3.81389043325
2.29080879187	4.04303703411	-0.00491750942
2.16753860470	2.34208489067	0.02110761052
0.52148345172	1.95344084932	0.55943207253
4.65774944011	2.66596904156	15.74524176476
3.22223765862	4.53010715245	1.29930652048
3.88614211429	1.20145085574	5.29535067788
2.09169574265	4.82065488402	0.04896248353
3.59526055409	0.30213636749	3.10203598932
3.25364831911	0.44031256360	1.41401568712
0.59772762077	1.51461597560	0.59783171961
2.27195185825	3.32882070481	-0.00268835445
1.51984851512	2.30752178204	0.39810669162
1.80152173426	4.55046544813	0.21020406007
4.49086683204	3.42474508950	12.80678839802
4.17006134715	2.02999736463	8.26498171354
1.09491105716	1.53864987114	0.61555885752
3.29680802597	2.01512333586	1.58185755195
1.99265074374	4.94164995757	0.09600508259
0.36783042084	4.25338452216	0.44944112926
2.14908329870	0.57394280871	0.02714168831
4.11077228326	3.00472080534	7.56947850478
2.08216303175	3.31598626258	0.05300474835
4.50609047268	4.90584011955	13.05750588898
1.48726997417	3.55629660844	0.41908550784
4.30669293450	0.34126629945	10.03259931254
0.81045992671	0.53147964764	0.65173268804
4.81743036336	4.54103136528	18.97037661529
2.05896703374	1.10031121581	0.06329993655
4.12562942079	4.94108280352	7.73984245477
3.30775381446	4.26361204133	1.62635211083
3.14545457089	0.96255557879	1.04416461787
3.68732688337	3.55547961506	3.71293344818
0.19113979431	4.25807643514	0.26693767219
1.43409330529	1.06234912595	0.45232771577
1.21690562058	4.34329774957	0.56889501905
1.58659621249	0.42509007748	0.35405551485
2.46934271310	3.98249372965	0.01186733005
2.02582191510	0.48855439724	0.07907335136
3.49562895428	4.53983417949	2.52011463526
2.15455898612	1.80974240543	0.02529891914
0.34026365328	1.83439394513	0.42496881179
1.73897981808	0.21137102020	0.25149076026
0.42147723004	1.57955320291	0.49289434607
1.02445888235	1.48479093308	0.63471581041
1.74201562978	0.77038604465	0.24946341636
4.01520810386	4.39048222235	6.53441075199
3.41990971522	2.68072387205	2.12934371089
4.53367428832	1.56105722182	13.52045626783
1.67222951192	4.24260653330	0.29639742353
0.41280816620	4.94195354526	0.48624353042
1.56014493675	3.31495564923	0.37165403322
0.34184015699	1.38727335606	0.42640783370
4.20866228272	3.16465154869	8.74061718327
2.89985584250	4.47801084509	0.44449835313
4.67719132044	2.35853096311	16.11560529407
1.79389913583	2.11564744601	0.21517222851
2.14427275108	2.40768414635	0.02879648023
2.96465679929	4.90155184299	0.57324913959
3.00450692652	3.66416089576	0.66242852678
4.14648332862	1.11125232749	7.98337262810
0.22338764206	3.99176894082	0.30481156346
0.55448146329	3.95983123147	0.57733839540
2.67778168261	3.72556615060	0.13955314654
1.96911582612	1.11634649726	0.10865001371
4.28256762238	1.13473941198	9.70320720301
0.92578211126	3.11507505128	0.65070295511
4.43320755562	4.44222273675	11.88751815161
1.45646025941	4.10110932748	0.43851298751
0.80498799666	1.51860128199	0.65127809599
2.68012530099	2.88640135826	0.14178227533
1.19638073638	1.07700146395	0.57784375172
2.98158891830	3.00206352400	0.61018436834
4.16841783887	2.05858884517	8.24513462560
0.59179664888	1.58170519606	0.59521883044
2.62896210846	1.93323498040	0.09741336114
0.37789176352	0.38923547957	0.45800924681
0.61506897708	4.22918652103	0.60511425926
1.03032786595	4.00313318166	0.63335652466
4.12557013730	3.74856475715	7.73915749812
1.55957276214	1.69615929827	0.37203290047
0.97371454140	4.01404083088	0.64458885291
3.80924948092	4.84488951851	4.63854369501
0.23025468747	1.90275209327	0.31261151165
3.05936966605	3.98587627698	0.79834939462
3.31086956191	2.27020645476	1.63916253930
2.79102965048	0.80466140687	0.27035931909
1.35508585373	1.51778461852	0.49879786364
2.84262843401	2.32793134510	0.34663331504
1.50510745758	3.21398119429	0.40764982246
3.62692281643	1.98129121720	3.30394401087
0.15880177854	2.04257381069	0.22689036305
2.16227325193	1.77078860188	0.02277758299
2.20783228667	3.84657121578	0.00975311954
1.10428741647	0.71298342414	0.61255637091
2.24124363776	4.61444270645	0.00236311390
3.93008788614	4.25457873369	5.69751249285
2.95827559654	1.57498025466	0.55969046991
0.50970126297	2.53998691530	0.55255694230
4.23860464257	3.05647843728	9.12227288185
2.05799776518	2.57680294455	0.06374386563
3.31601750626	4.42540705450	1.66046985281
1.91028783114	3.40343325359	0.14226195405
4.52304899957	4.56391387500	13.34079651109
1.99608344212	4.71391084881	0.09420313823
0.63516482436	2.23654872380	0.61289217121
2.59448163240	3.74719075510	0.07241258482
3.53883716131	3.56347456091	2.76274172104
3.49363137528	2.62812643980	2.50924927728
4.72130574862	2.48267817713	16.97854677142
4.96853380729	1.26748465181	22.42571862615
3.27423378099	2.98180487859	1.49257104871
0.62969647286	4.49979033888	0.61084565672
0.47855035319	0.29715591706	0.53314758834
4.87556314367	3.86840574704	20.25162084133
3.48721079058	1.80395595436	2.47453374934
1.32341004891	3.69425227984	0.51624698718
2.00186194867	3.99569975968	0.09119507866
1.08991901706	1.59839164613	0.61711522801
2.92833820075	3.83095724348	0.49867192736
1.63775054440	3.43509942843	0.31968200664
0.56112904677	2.66206527008	0.58070677455
1.67725426808	3.68691686605	0.29300382418
2.51591833883	0.78530700822	0.02915704871
4.99540478419	4.36726402233	23.08357869263
1.11904473035	3.90569328304	0.60762417230
0.67789648677	2.40564096593	0.62710169602
1.28961260133	4.54079818116	0.53401121057
4.03894663093	3.41709619006	6.78188291742
1.60999648782	3.45421955685	0.33837389731
4.05159317964	0.47984745551	6.91629280704
4.49372111263	2.27428617442	12.85353792971
2.66919548820	0.55686131408	0.13155050434
4.89042193160	0.61455838374	20.58863882543
2.87468794819	2.85303747877	0.39968636955
4.68364616862	4.05456012327	16.23990580964
3.85873023064	0.62731152220	5.05446798046
2.35326599801	3.54328139371	-0.00721070672
4.63109791459	3.59713701188	15.24727442205
3.23867119123	4.78099878765	1.35855139258
3.11475620537	1.63297684287	0.95178525829
0.34899463351	4.18822002639	0.43287810846
0.47566334851	1.10933726483	0.53125773857
3.33975465089	2.46119103092	1.76101852047
3.24543114319	0.33825115431	1.38341056742
2.24191686420	4.55669870720	0.00223408250
4.76043500815	4.84657887476	17.77065368349
3.06567354076	3.57541636558	0.81497507014
2.24287479040	4.27754496168	0.00205187105
2.41716060274	1.49782970218	-0.00073349667
4.30221923300	0.57961170004	9.97094412542
2.11312391014	4.48732130984	0.04029704616
3.42750079943	4.84925582396	2.16659941892
2.07524484335	4.24772191441	0.05600819006
1.67184257033	2.88436645018	0.29665878244
1.74193563629	2.84032468560	0.24951681270
1.84865585723	4.69489258437	0.18000869523
0.75885591813	0.33347191097	0.64555546933
3.97391032399	1.91462760356	6.11864934104
0.67303228076	4.11118825605	0.62564244137
4.72923447333	3.95286767730	17.13700639216
1.29293181037	0.45527213787	0.53230768904
3.22544286214	1.27026242349	1.31073026448
4.45682656687	4.94760156482	12.25833053865
2.44952195877	4.42088850332	0.00626665414
3.54245099304	2.96150518385	2.78370157943
0.84951049237	2.59800384447	0.65362617806
1.61997388950	0.70161070198	0.33166341496
3.59424286151	0.58760113441	3.09568537485
2.46214504783	0.46513172551	0.00971545963
2.77469954405	2.32489765884	0.24847609763
3.46744274754	1.23268760428	2.36962499458
3.97797107964	2.23915653860	6.15870995281
2.60097352610	2.18642167943	0.07682837675
2.63954278952	2.93189948287	0.10586249972
4.07324631834	0.57231162765	7.15062562582
3.64569845271	2.40425281274	3.42768665883
1.34915590390	2.98371518171	0.50212035765
0.64089964027	4.06162453493	0.61498245259
2.61994889880	3.55280285761	0.09050707474
4.26862283054	4.32644376015	9.51625780940
3.42231133481	0.85166883067	2.14108504560
3.83923203340	1.80812394578	4.88769812716
0.77880831555	3.59993134426	0.64844830093
0.43684676646	0.50786221597	0.50433638350
1.35158605949	3.19649421845	0.50076179772
2.14767888212	4.27101674828	0.02762134835
2.16840134551	4.01468950458	0.02083796563
2.77305105691	1.57027794348	0.24632573736
1.04125838739	1.90466044173	0.63070785713
1.14032010193	3.91821633492	0.60007818520
2.82809733840	1.46384684858	0.32403561214
3.87402467030	1.82081805255	5.18793499044
0.82917239355	0.18147888020	0.65293390920
3.30529552994	4.34490279593	1.61629028516
3.66326606914	4.73828168519	3.54621706203
3.12677030784	3.65726374624	0.98730257158
2.14052285191	2.86998920381	0.03010942886
4.40626381455	1.79555117784	11.47410096711
4.54809285055	4.16681949407	13.76694305677
1.68506999138	3.77498998613	0.28772717954
2.43264382133	4.06382883516	0.00229021106
1.32534065784	1.36866379558	0.51520495784
3.98280213139	1.25255852579	6.20660132081
4.30739132833	3.88657868938	10.04224805953
4.51516350063	2.03906878468	13.20854315243
2.45415297254	4.41701676877	0.00748419434
2.97649056194	0.26767754721	0.59891561816
4.63930740125	1.11987428653	15.39947122919
2.20477893902	1.09329616463	0.01052245451
4.21189190914	2.24775469558	8.78124446712
3.80555884676	2.23566033778	4.60847798306
4.95533621811	1.45465314468	22.10751670632
2.64002960426	0.27489843767	0.10626020265
3.98657647672	4.35202714662	6.24419284795
0.96676043471	0.37403086212	0.64567323480
1.95325420709	3.63639044433	0.11744448098
4.02100380941	1.94259630666	6.59425321365
0.57046231309	1.60229122581	0.58530168974
4.38913419933	2.42010729484	11.21651924400
2.79029205346	1.63059870150	0.26934796913
4.08627027446	0.83020386222	7.29415087093
3.99200171308	2.14212258042	6.29849737812
4.99934843301	1.79712124163	23.18126256995
4.93273971414	4.88589437401	21.57012762886
1.40963460506	2.64593241901	0.46712366619
0.98229889007	1.77414655755	0.64315962418
3.08233210415	3.62704455176	0.85993508419
1.62180167729	3.55934641122	0.33043284982
2.56846990901	3.57869180799	0.05603876357
2.71361621624	2.53700232419	0.17577469476
3.48483535030	2.71275553193	2.46177003548
2.33173191455	4.57535713407	-0.00733583123
4.85878464396	4.96441841366	19.87575721405
2.37694840640	3.14190393554	-0.00590258665
2.31400563112	2.84768423314	-0.00670559325
1.71748215290	2.82185611784	0.26589503641
4.60286052009	0.96531713885	14.73180659058
1.58263121126	4.26547018734	0.35670312305
0.68916824962	3.67523896366	0.63032845995
2.09112583747	4.37237186145	0.04920096772
3.54436183557	3.34604883804	2.79482640553
4.96929578444	0.94793495103	22.44418859227
2.75511172920	1.84841561075	0.22361128666
1.88806075065	0.16974374956	0.15561146082
2.86516915136	0.82698286559	0.38346899395
0.83085804703	0.15626800410	0.65301544043
1.22334456011	3.99876141111	0.56600263284
4.84965968273	1.21110957597	19.67342167187
1.88965678332	4.85818715243	0.15464231857
1.03005497941	4.02974831646	0.63342070467
0.75213019676	0.36425472876	0.64443511961
3.52740980355	1.97111737927	2.69714728087
1.97619996025	1.58694247435	0.10479166327
0.75171544846	0.35339529243	0.64436362128
1.26789885725	3.98265132362	0.54492495393
2.14083293359	1.00688854730	0.03000010063
1.33233999881	1.86078711182	0.51140327559
3.36802593211	4.15800205787	1.88578572496
4.84060222209	0.35942765658	19.47402200962
1.69690963534	3.07907856605	0.27974075929
3.26599617793	2.36293210441	1.46081071725
0.20452954776	3.98433848222	0.28291295795
4.46322997287	3.32527856087	12.36023012222
2.18936282703	4.30240455535	0.01463844397
2.22690374422	0.27611802282	0.00530041367
1.10557091515	1.66381692796	0.61213738295
0.97510233981	0.15825835031	0.64436456199
4.54546992246	1.25397419619	13.72187263023
0.98268976566	2.32144655642	0.64309217562
0.66195384833	1.95287170520	0.62216791410
4.99361277616	1.12251645115	23.03928714889
3.07190798482	0.77564960094	0.83162643116
3.41195945305	0.89991607854	2.09077400628
4.01182492335	3.63221890750	6.49964977897
0.24855529929	4.67560143641	0.33294482943
4.78765176151	3.30373798768	18.33668014112
3.13219055732	2.15334817692	1.00359321914
2.06683043420	3.04402379008	0.05973861184
3.47457857061	3.32354386780	2.40715246397
4.03693017009	0.32660280586	6.76061751983
3.11940739482	3.29180078437	0.96543928607
3.95619915505	1.95658998899	5.94599001438
3.85472177536	0.21917167905	5.01987514568
1.99586940975	2.14884759427	0.09431516631
1.02220838848	0.50673193647	0.63522529644
1.77481875754	3.04954239826	0.22769430974
4.71614483287	0.20832959942	16.87595732862
4.59530994209	2.15143095002	14.59606447132
3.21273616639	1.40689659420	1.26581337378
4.73988717112	3.71735491212	17.35153608225
3.22483216241	2.47708901320	1.30854876392
4.32717379802	0.26901512877	10.31822578461
0.59427377791	3.98989911415	0.59631772581
4.03079080472	2.70211210986	6.69615216142
0.53755331369	1.03987811432	0.56839974989
0.96704082700	0.79588355492	0.64563079026
3.58569690381	4.68071941965	3.04269531210
1.30575712007	2.34180187392	0.52564007050
1.65347366509	4.11700983920	0.30906710308
2.68699249351	1.66907914462	0.14842542129
1.90550857125	1.73522200443	0.14510493748
0.58483820960	1.98994610290	0.59207354359
2.76283734596	2.55279470679	0.23323989268
3.32627687011	4.12471719171	1.70346173732
1.81406942137	1.70510795970	0.20207325818
4.84254237372	3.64219155147	19.51661402701
3.33225765774	1.75197884866	1.72885087730
0.36950878549	4.66256623669	0.45088389309
3.85053856003	2.32532830310	4.98394463270
3.39447102027	4.38072696621	2.00753287535
4.94882679386	4.24148533252	21.95175137622
0.53781109981	2.13792473746	0.56853976956
0.26141543008	1.67408696951	0.34683956780
1.92579335866	4.27920483206	0.13314769851
4.02242107958	0.22408880976	6.60894352317
2.99310231300	1.67077130480	0.63610365546
2.88165085192	0.18883460096	0.41180165634
1.42596491005	3.20263008096	0.45728234506
4.19260741687	3.72245284212	8.54056980974
1.34453401251	1.33624156083	0.50469245177
1.36716943566	2.36964817909	0.49195107533
3.13757866786	0.47711476265	1.01995281947
3.68710979562	4.63471003801	3.71140641998
0.57109424020	4.40572293857	0.58560713971
3.28138845807	0.79871590949	1.52051093967
4.50432238918	1.60068919850	13.02821355566
0.64225538436	3.99490299333	0.61546825242
2.24158428637	3.70691372659	0.00229772438
1.44695358339	2.55061368142	0.44441621251
4.34572610991	2.53923831705	10.58176449451
0.15592626848	4.62463243901	0.22322886249
1.61424635911	4.63028939167	0.33551705912
3.32896563681	1.23123105378	1.71484599153
3.65356037214	3.94109613718	3.48040110570
2.65664527434	2.22864057898	0.12031258312
3.83126725409	0.98433103655	4.82065461077
1.94200505955	2.36501293053	0.12380650652
0.85035703939	1.07984900190	0.65364128427
1.12850160751	2.99389670778	0.60433271559
3.72624535155	3.87720739180	3.99351182321
0.99172523496	3.76056504551	0.64147584121
0.84408023713	2.66466128587	0.65350332432
0.69525354866	0.75434491733	0.63198099753
0.97572991853	1.71900831943	0.64426227609
4.80085317289	1.73616124007	18.61574160900
1.80691555188	4.47580247313	0.20670145017
4.20278221998	3.29328414048	8.66698068516
1.86096533461	1.90248294394	0.17229504963
2.77766429953	1.83049607521	0.25237040764
0.68344662529	2.64123391455	0.62871749945
2.91515905234	3.02969606530	0.47314192546
1.33472260888	2.44582082379	0.51010071872
4.68192489684	0.27021060814	16.20669396940
3.11638768336	2.38725438461	0.95656081561
0.52424518449	2.19023011014	0.56100679458
3.60472602170	1.91545307516	3.16151537404
4.16194283492	0.22654191099	8.16726028218
1.25424231927	4.84823283988	0.55157831257
2.69073637783	4.43667118000	0.15211751856
4.99306497607	0.98519025462	23.02575964266
4.67183852873	2.94384907492	16.01303376863
1.66274163726	3.17147829452	0.30280660158
2.20082708857	4.49703081996	0.01154089127
4.86903400227	3.82277521259	20.10476828300
0.62391282852	1.31585515417	0.60862430737
4.66134283317	2.26651240803	15.81324130967
4.59063423882	1.79104155115	14.51244551749
2.08003689916	4.38397088832	0.05392159396
4.19287628646	4.90886302015	8.54389382209
1.16958326761	0.80364618849	0.58888597856
2.72545894902	0.13911357484	0.18876983623
2.03547639655	4.32419025784	0.07435556811
0.71392406734	1.40405198080	0.63666221003
1.31116129606	2.92202344615	0.52279066410
3.45387221980	0.16545488046	2.29931500808
0.17029351438	4.37850464591	0.24135930000
4.08096018487	3.57720424992	7.23539791176
3.66802271519	0.78570911956	3.57877238886
3.32848974879	0.12878537209	1.71282752837
4.86144103890	1.44151654484	19.93493413533
4.25996485983	0.81724766393	9.40144392423
1.77187646598	0.69454553548	0.22963534086
0.50841514069	1.28414894529	0.55179103594
4.10853645028	1.36942085720	7.54406483798
2.70256929030	1.73860143719	0.16411623027
2.80806001804	2.06316689438	0.29432137844
4.44241096124	1.70894816658	12.03106889623
2.00441536744	1.36882340175	0.08987610745
2.27713704490	4.34230301547	-0.00336905537
2.05114346184	4.61346314928	0.06691370548
2.72839696440	1.82660539988	0.19207416860
3.50888005499	1.59806951251	2.59297173203
2.34358801275	3.31305587317	-0.00738995459
4.66115704351	1.84638559747	15.80972048950
2.75752223371	4.92974131192	0.22659078940
1.97789560059	4.70478682968	0.10387468756
3.38880282376	0.74858025800	1.98102218728
0.55747539933	2.20747457802	0.57886531330
1.20379391478	1.87273655677	0.57465982621
0.48933166725	0.83691763498	0.54006826898
3.85292444433	1.67804927843	5.00441618454
3.26353724819	0.13023035845	1.45141455084
2.00386275236	4.18533515238	0.09016102484
4.00618850213	3.86033632213	6.44201732307
2.97195112873	2.02521190306	0.58898934821
3.56360920763	0.81946239839	2.90851902081
0.83919716357	2.27785739800	0.65335439130
1.00703455482	2.51942756740	0.63848910229
3.19596842974	2.21108210881	1.20804962281
1.61373275688	0.42445256527	0.33586243395
3.16525088314	1.01513208925	1.10660365209
2.99452068138	0.66553831651	0.63934222382
2.21247897804	0.23207928194	0.00861191602
1.59730250988	0.76406965399	0.34689184441
1.87323883642	1.67887025807	0.16468529780
0.70514052392	2.14239570516	0.63453279866
2.88948722077	0.65121995991	0.42569408799
2.46027440535	3.23910223310	0.00917835989
4.61147552272	3.24617885096	14.88775920118
3.93543379527	1.88306275805	5.74780055128
1.57441670533	0.23139510776	0.36217809247
2.48855324670	2.62255183446	0.01828299715
1.37330436564	0.89137232166	0.48843655671
1.67759911614	2.25199674362	0.29277095132
3.54781475421	0.40685800995	2.81500320170
0.92981634452	4.70829109970	0.65031248128
0.95690406518	4.97500809505	0.64709661544
1.42014017285	1.26641621691	0.46081015246
1.55003452384	4.28233257719	0.37833597843
1.46523714424	1.41040843365	0.43302338361
3.54860954514	4.40941517560	2.81966101070
2.89728022863	3.60505631101	0.43978209790
3.49961847430	3.66484018408	2.54190677332
4.47137764480	3.40601031225	12.49073615545
0.98446768173	4.11951750743	0.64278278667
4.47597915275	1.63632403655	12.56486294353
1.07275241668	2.58168721201	0.62224042745
1.13950280050	2.57407499157	0.60037740019
3.42584778736	0.37081075746	2.15845094246
4.84066087471	4.45760974971	19.47530864623
0.63891969945	3.80062198705	0.61426724963
3.51670069266	2.50631228362	2.63661170379
1.85255341287	0.84735626839	0.17755780784
1.06958031177	0.86593382454	0.62314857750
4.92670916661	4.46694677500	21.42828400864
3.81301095340	3.16388701394	4.66932178826
3.27027680142	3.25293019079	1.47726039150
2.36255481118	0.49055834767	-0.00684637575
3.19062742411	2.62670159784	1.19000696340
3.63262931306	1.53771112388	3.34123443618
4.78951022912	0.94527326135	18.37578672730
4.01005701191	3.03340095569	6.48153527380
2.59749985108	1.37592494270	0.07444900523
1.27678633723	2.47353004655	0.54050684548
3.00673452852	4.13720983830	0.66764662951
1.81897424949	3.54723032632	0.19891199921
3.85119879775	2.43430834914	4.98960399922
1.63092708812	3.51398722478	0.32428419218
0.73882491378	3.57038466423	0.64200120686
0.60363533451	1.70084542346	0.60037235215
0.41305166867	2.42196327790	0.48643228715
2.57764261763	3.94879977565	0.06157427567
2.75495414192	3.65109487374	0.22341728076
1.71197596115	1.13677684510	0.26959592597
0.62696782421	0.27207441651	0.60980494305
3.23170039582	0.81492966387	1.33321603217
3.25988013116	2.83695811123	1.43751122673
4.18208934825	1.32354781470	8.41123159811
2.24909859242	2.23419936103	0.00090786751
4.46410392160	0.20740467162	12.37418307000
2.58539104290	0.43089038677	0.06645189176
4.29092268219	2.15282851223	9.81642356143
2.80167023082	3.42714881352	0.28519293998
0.28541211247	3.26743520400	0.37190017016
1.60006824204	4.78833208075	0.34503807127
3.72205724777	4.34822295670	3.96266150919
4.12389493872	1.20039484168	7.71981953896
2.96538899490	2.31111333039	0.57481746939
0.51303231983	2.91667141464	0.55452650582
1.58933262529	3.82946136693	0.35222652653
3.10157967177	0.78853481417	0.91375962293
4.91897761939	2.22140946055	21.24739629271
2.44713371858	4.91344122582	0.00566020849
1.61696617585	1.51694202791	0.33368756678
4.21505113666	3.78840000101	8.82111160641
3.10661000985	2.91343619756	0.92816260079
0.43034635190	3.14982547312	0.49955148700
3.69441890105	4.09641453752	3.76305015375
4.63519876107	4.41883116909	15.32316839719
1.24942351434	3.68577611514	0.55388604567
4.90974058377	1.51519331930	21.03270219518
3.64174895714	2.89938348466	3.40140627579
0.94548728085	1.36266246010	0.64857730322
2.95577097646	1.18648140615	0.55442224701
4.54723375316	2.71319479864	13.75216962152
2.68572098947	0.37085574544	0.14718282577
0.13484611433	2.05627249489	0.19588470332
3.34066929549	0.51219002891	1.76496916875
4.12428583004	3.10931836148	7.72432890165
4.16222567127	4.45067489384	8.17065134938
3.14698044353	1.42072808227	1.04889659599
1.79776121931	3.55005869241	0.21265243612
4.07968587689	2.16845106152	7.22134671236
4.48280799981	2.83270740462	12.67543359291
2.61253178906	2.27101648984	0.08502235127
3.73468156456	4.37277314542	4.05614057779
0.22923364919	4.06472877591	0.31145764533
3.45485371293	0.30596611541	2.30435392778
4.24590422504	3.00223696372	9.21702450735
4.70494827938	3.62746686055	16.65488667204
2.64332058379	3.00282310446	0.10896956933
3.55001105846	4.39769317044	2.82788681704
3.99981513279	4.60341124699	6.37726942598
1.50641626691	0.10856121551	0.40680578054
4.58042865049	4.19397297201	14.33109469386
1.70773900467	0.29372563807	0.27244635096
4.55401302827	4.16632170705	13.86905025948
3.54166418608	1.37163754895	2.77912930728
0.23609327366	4.32240366365	0.31917020151
1.80711855114	2.70107351784	0.20656984346
2.70397091484	3.18370899391	0.16557088391
1.69621517887	3.11535932452	0.28020891104
0.89670153085	0.28265941863	0.65282629282
1.40845815564	1.81512096245	0.46782664152
1.84768490352	4.56050670778	0.18062045401
1.40857762301	4.67101060921	0.46775529260
3.39892766594	0.87342095102	2.02853759092
4.62326777045	2.40243074435	15.10309357907
1.06478075299	3.35814375382	0.62449933460
0.51909818378	0.40098554525	0.55806077308
3.61542177402	2.49832024151	3.22962758418
0.90821785573	2.00996109202	0.65213159211
0.22073924760	1.13019111702	0.30177853523
1.12023817211	2.46826005929	0.60721438524
2.58326434185	1.20205994162	0.06509462910
2.84992628899	3.80244799153	0.35832023336
3.33384552505	3.21676461112	1.73563217418
4.97105695753	3.89990571304	22.48691973629
2.80866323315	1.98850855277	0.29519174205
3.69373148678	3.96987511564	3.75817285040
2.83569829293	3.30248643150	0.33574494196
4.51161539615	1.53723452721	13.14933436371
0.13977059202	1.36596252558	0.20235162226
1.11536822059	2.04276717136	0.60887634853
4.01284094406	4.40627477789	6.51007577593
0.97382156997	4.45785340281	0.64457164849
4.47182985025	1.54505190011	12.49800733109
1.35692043681	4.64862804808	0.49776491028
3.41578399433	4.03695004835	2.10927115610
3.55294388777	4.50846388444	2.84515133514
0.31871794895	4.66126337697	0.40482019670
4.87976257549	1.29846106132	20.34647244309
1.59430591343	2.36041081420	0.34889892923
2.28348630832	4.97436069996	-0.00413292089
1.33198403871	3.36821962410	0.51159751042
1.94707917543	1.12624904524	0.12092432490
0.72857310630	2.34164274178	0.63992746136
1.22997062490	2.88590319555	0.56298465556
1.43833731874	3.39429465703	0.44972651347
2.11344866365	2.56771205451	0.04017032288
1.00107234644	2.08205662282	0.63968913805
3.80372250716	1.05259048956	4.59356714840
1.41424943902	0.76863303981	0.46435821967
2.87934897339	3.00651020566	0.40777272131
3.41135972855	0.19412560214	2.08788306286
1.62242044659	3.84526518398	0.33001618086
3.87099791003	2.32027757403	5.16133558094
1.09106090419	0.33983982043	0.61676182187
1.15351585839	1.64142929832	0.59514575978
4.59894723469	3.18989478034	14.66134508393
3.35360557843	4.07293241494	1.82145770951
0.29214768974	3.64416971452	0.37873204496
3.00210402229	2.99917023915	0.65682778845
2.70443498049	3.24962126354	0.16605407422
0.89383178790	4.83018857860	0.65296928769
0.93620783999	3.01917603910	0.64964658431
1.77458079955	3.91968103983	0.22785119652
4.75422457192	1.62293520432	17.64323720832
1.95719354020	4.76398890552	0.11524071381
0.22713598887	3.94627513603	0.30908065224
4.08806761589	2.65050739282	7.31411096930
0.33845008153	3.87757078902	0.42330745781
0.99888028862	4.34879428890	0.64011855263
1.51528232564	3.30185020640	0.40107123146
3.43352024749	4.11830232025	2.19644108917
2.67907642207	0.68618703485	0.14078225138
2.47369190431	3.32514429249	0.01323365573
1.30258879464	1.32559902928	0.52729969084
0.39182787791	3.26280931352	0.46955704564
1.71303269873	0.40958415907	0.26888534801
3.32130110985	1.89245609005	1.68252266083
1.08206458023	2.03238602527	0.61950408529
4.94983480776	2.99937192988	21.97582144879
2.30713894352	2.71256168742	-0.00628837985
0.26576143638	3.07819364041	0.35146186236
0.42237157231	2.48696542457	0.49357237840
4.45522081931	4.15738285903	12.23286959522
3.64367187460	0.68992476031	3.41418482097
2.22251500227	2.62321470274	0.00627055067
3.60092438696	0.63148692721	3.13753680926
0.91817020481	3.90766410373	0.65137648234
2.12658337075	2.20639895779	0.03516366797
4.32383020843	3.10304266731	10.27121716844
1.22622787377	2.54384091519	0.56469451558
4.63245319525	2.91797837087	15.27232731423
3.34904631912	2.22069373385	1.80141801322
2.74334521170	0.62303631637	0.20938724488
1.43990316592	1.12523952859	0.44876435997
2.21192720364	3.20590288540	0.00874555043
2.67033616445	0.98856963290	0.13259886506
0.20694080460	2.18033607478	0.28575214781
4.65722100288	3.36628311604	15.73525918402
3.71959841377	0.28509522739	3.94462364117
0.99308998872	3.62546879499	0.64122220824
4.56828406577	2.38704964636	14.11735719734
0.80337047612	1.79214386579	0.65113470705
3.03313187528	1.74646812751	0.73140315982
3.43701044937	1.21781417910	2.21386570331
3.17559698202	0.78351540382	1.14014700146
3.95275838989	3.19466917625	5.91283533772
3.58449705607	4.06153605611	3.03530383940
2.72707315724	4.38116931686	0.19058132812
0.70688720902	2.82291469269	0.63496654052
2.49231756757	2.49967745006	0.01965651244
1.20743281859	3.28607984649	0.57307688671
2.41804139553	4.78810850777	-0.00057724272
1.56044406898	4.15127389044	0.37145592862
3.95497505159	4.96083961223	5.93418033624
1.99995277569	0.63913894171	0.09218538071
3.83887204773	3.71674351580	4.88465449153
1.60242138532	2.84577744886	0.34345988527
1.24027632884	0.32740649564	0.55820822750
2.94422849228	4.67630359039	0.53053119610
1.99049714750	2.75545245505	0.09714122402
4.07799310167	0.40705904739	7.20271010671
3.35060797380	3.92830087793	1.80826599860
3.34862950394	4.17499856058	1.79959307412
2.43922720034	3.19300297330	0.00375584108
0.38473635148	4.57591118553	0.46372721833
4.44836144068	4.83077757278	12.12452004145
1.89483534756	0.80354790105	0.15150878771
1.38752943709	1.81982172698	0.48019128266
3.54664751056	4.37780458823	2.80817184327
4.20564238432	3.18768992166	8.70274526563
4.13196295118	0.19070115835	7.81325891735
0.70906006557	4.08701933906	0.63549897403
1.14900195540	4.07873340549	0.59685440099
4.29039536752	4.76808253913	9.80925130361
2.32722855572	0.41649155821	-0.00723749125
0.84135849390	4.90028666081	0.65342481338
2.25463047103	4.53062826875	-0.00005047457
4.45694013201	3.61299023174	12.26013263549
2.65044299203	0.11712811867	0.11495792518
0.68462703211	2.13695052994	0.62905439713
4.60259984149	1.44230010294	14.72710554555
3.36099646912	4.79239658423	1.85424789329
2.16392104005	1.74853474951	0.02225048963
2.18839874843	3.63167373368	0.01490851639
0.77066413676	3.67020983416	0.64734501456
4.43881380925	2.32086602516	11.97481960681
1.94800559381	2.98352839701	0.12040030395
0.16110035010	3.98737170762	0.22980541225
1.37414236368	4.92228431966	0.48795452572
1.26169111893	0.54097339262	0.54796988890
0.24832724714	4.12515843042	0.33269549977
2.73000024281	4.63784649513	0.19389091886
2.51641265913	0.62289825991	0.02937266046
2.04673007317	4.27606240912	0.06898271243
0.58484235368	2.37733799134	0.59207544243
4.52493319731	3.61595140208	13.37253374742
3.64548805439	1.39973635057	3.42628325975
0.17796096218	1.83294726102	0.25086741115
3.25108779194	4.91047528049	1.40443320332
2.96139073023	1.47711374027	0.56628492472
4.96964361049	1.15909058115	22.45262330441
2.51775400800	3.75719034586	0.02996120631
3.11995755472	1.62104141095	0.96706236417
4.98786754474	4.47462469073	22.89769235893
1.31187149090	1.53308968748	0.52241447531
1.52349140560	1.58756342388	0.39573635749
1.97874305829	1.64507381019	0.10341735456
1.27166152077	3.20320345843	0.54306285660
4.39279025318	2.42974813785	11.27115608582
1.61149696012	4.27582621430	0.33736552035
2.79776823463	0.37968992524	0.27970020259
1.27237828645	3.25136741280	0.54270673756
1.77883938826	3.25452303975	0.22504605125
2.07673230822	4.89604740696	0.05535753554
1.36450042148	3.79826320691	0.49347208696
3.29179761700	0.92486781178	1.56175333793
2.96935068436	0.33946907832	0.58334828741
2.49665709533	1.92921826449	0.02128786666
0.90005521903	4.01383933992	0.65264392161
2.97828853901	2.45499730655	0.60287507663
3.08407875362	0.36703433372	0.86473597017
0.43205449663	4.64959814871	0.50081655514
1.50861812191	4.39808290077	0.40538435280
4.24003548025	4.57304119638	9.14079265231
4.73057896062	3.86669717117	17.16397917090
0.96473558065	2.84551970316	0.64597655016
1.92070313782	4.96463708678	0.13612093253
2.32503043940	2.70954708331	-0.00717410913
3.45469279008	3.82909986746	2.30352726783
1.96726384704	2.65849801083	0.10966587762
0.71752736785	3.73542733995	0.63749847759
0.88063816692	3.88236057648	0.65347086053
2.77181571198	4.61249187253	0.24472130234
0.15497251573	0.32631593249	0.22201078322
2.49793360669	1.37502967673	0.02177756619
4.11911738378	0.90464504693	7.66485068438
1.87789154145	2.81570943132	0.16182290216
2.45290043803	0.15661395893	0.00714946047
0.41300770013	0.80503714416	0.48639821221
3.60873764820	2.29353821698	3.18694951328
1.37047140209	2.59680746621	0.49006263763
1.70018163275	4.26407525767	0.27753559500
1.70847676156	0.27236633181	0.27194986863
2.91905911987	2.23413660195	0.48061327332
0.75630558668	3.64641666678	0.64513930318
3.13052095244	1.11887420419	0.99855743206
4.65399644626	1.24254150318	15.67444084125
4.07967772567	0.82723328707	7.22125689274
4.79386010329	2.04057296378	18.46754763552
1.11642696668	2.08652836056	0.60851733557
3.50855330336	2.80335232764	2.59115880656
0.54046016143	3.61086314156	0.56997163869
1.05198084370	4.80814753833	0.62796314315
2.14204379925	3.92986416127	0.02957448432
0.19079011907	3.29231836507	0.26651572165
2.95249430814	0.81693103027	0.54757548934
2.08326038174	3.53124037053	0.05253370515
3.84808351401	3.92356470781	4.96293862283
2.29854387576	2.83355403657	-0.00563267453
0.27628098216	0.20532487596	0.36249700202
4.53569292678	3.54902461359	13.55477836810
0.37001982307	2.02822514587	0.45132212028
0.54668845160	0.81526354777	0.57328794310
1.32104885208	1.72405000450	0.51751751816
0.72954737433	3.10262435138	0.64013199759
4.01929260572	0.95913124559	6.57654586179
4.09592364865	0.45851492056	7.40179315546
2.74764449961	4.57441317915	0.21452313303
2.06672127541	2.63364514093	0.05978755645
3.47753872126	2.16317548404	2.42283315773
4.10164733782	1.66184409442	7.46612652670
4.62419513701	1.92202704807	15.12011971382
4.86968326923	0.11122418456	20.11933779100
2.98176266594	2.22738479337	0.61057064771
1.88175835130	2.35270994250	0.15945368110
0.23312783366	2.75891198375	0.31584740786
1.87897279734	1.65512070444	0.16115951548
2.93311919801	1.35978167604	0.50813294637
3.23923394811	4.84961086910	1.36060996071
2.92313780406	2.63028611015	0.48850190234
0.37541052889	3.94098909561	0.45591428022
3.83614028428	4.73210108645	4.86159932077
4.39681870991	2.35050317396	11.33157150852
4.60468555171	1.62427522736	14.76474835373
4.57319661278	4.64703001371	14.20354515477
0.46164648449	3.96916370415	0.52186153308
4.00223272083	0.95811374844	6.40177766774
0.81369300163	1.71122741774	0.65197922434
3.13971959967	0.40446246195	1.02649920667
1.86870688246	2.21829160352	0.16748537581
1.21587521923	0.53909682758	0.56935415247
4.05032903185	3.70189690325	6.90277623545
1.24313033099	1.62741894782	0.55686794370
3.68859267924	1.40479896897	3.72184557913
0.20893053723	0.99406491459	0.28808635132
4.62074829023	1.00956096742	15.05690447057
2.20138468944	4.87557786166	0.01139564565
2.77312573051	3.03081385254	0.24642291377
1.47178697326	4.44108988397	0.42890289543
0.75424472409	1.00374797266	0.64479528421
3.44839112325	1.43179181365	2.27130743012
3.02145453083	3.36883844758	0.70275979201
0.26226455468	4.01946231668	0.34774558422
0.10676702876	1.84845954243	0.15808791663
2.08418333081	1.01244742285	0.05213866925
2.76366472857	1.60750825235	0.23428478759
3.31478092109	4.40706990283	1.65533551571
0.56266631788	2.50181803670	0.58147437781
1.46750996997	2.27754972796	0.43159581925
3.46315974320	3.15919454035	2.34728511202
1.94354750141	4.07514983700	0.12292823060
2.87825176684	0.92762705115	0.40586055729
0.42003047992	0.85173078689	0.49179430939
2.76613291686	3.42135961456	0.23741766910
4.17233247958	1.37534590285	8.29246193751
0.14249506347	2.44543255026	0.20590871753
3.31388725841	3.69353502965	1.65163135188
1.06691157995	2.14010094714	0.62390312305
3.46510113889	2.69561076573	2.35739419883
4.02249159730	2.42863857161	6.60967503582
4.17076797683	1.92748081943	8.27352507647
3.08723827793	2.76484279031	0.87346247487
4.13227977531	1.61868931805	7.81694392455
0.26042874033	2.46369273655	0.34578499325
1.00113134031	3.46062525851	0.63967749363
1.39484181017	3.20106091662	0.47590203338
0.17121336189	4.26649083503	0.24250612431
0.66551917051	0.13162492613	0.62330905953
1.13356796226	4.68047517639	0.60252794424
0.63772537797	3.38790003150	0.61383253617
0.76698119323	1.62157158087	0.64681104396
4.87583795065	4.29555453648	20.25781829236
2.89062583022	4.11982187098	0.42773543626
0.21610840340	3.18533878967	0.29644188783
0.13966389414	0.69960631330	0.20221201601
4.95147764503	0.89335795831	22.01509022925
0.71824009344	0.12107403638	0.63766132639
2.49357635928	1.57801219183	0.02012442697
0.37405272196	1.39188096548	0.45476285841
2.59725299350	4.49379342737	0.07428136836
4.85141521673	4.50265124211	19.71223537027
4.14696345631	3.39964307092	7.98904051162
0.76860313888	0.20180627923	0.64704889688
4.80965867474	3.70726142663	18.80353099939
4.98203691279	2.19779275165	22.75462309903
1.96988446908	1.85559950221	0.10822925941
0.98326654736	0.56882303508	0.64299227163
0.23816161955	2.82774756406	0.32147754733
3.29358866703	2.95954623203	1.56892100975
2.84873844848	4.06082235250	0.35640249615
2.12093314783	4.19971917956	0.03728882957
4.70570959813	1.07693118371	16.66985382478
1.96591726507	1.72863278662	0.11040636494
4.79637401729	3.33086137833	18.52072548438
4.05118931762	3.36017127901	6.91197265732
4.76551147113	0.56077300123	17.87528397951
0.86577796716	4.53456933597	0.65372653946
2.66831272019	3.19407946331	0.13074227768
2.45189936574	3.08974192021	0.00688482707
3.28417946174	1.39248614554	1.53150004698
3.43437982964	1.35113692223	2.20072418679
2.61683583252	1.07829745181	0.08818334213
3.80270867990	3.15383817446	4.58534890276
2.09603347743	3.07091244878	0.04716071498
4.44713318740	1.77937187147	12.10518940740
1.30679512861	3.44866808798	0.52509458452
3.60605607993	2.36509699655	3.16993315221
4.26057977702	2.42700287336	9.40956671205
1.19431183122	3.41616999321	0.57872248204
0.66212381107	0.72417859914	0.62222280920
2.30077559811	3.57942499787	-0.00581707718
3.87018961303	1.64497957095	5.15424780072
2.34606698202	2.48266857944	-0.00736333405
0.68580146962	3.05230457783	0.62938724403
1.88173813498	2.61118938543	0.15946604460
0.83927058762	3.59206244959	0.65335690112
2.74857305613	1.08196430472	0.21564162870
2.57516087399	1.71570594860	0.06005118513
4.70953547435	0.44540424519	16.74521149743
3.86980737113	4.28454206497	5.15089829259
4.29916984412	3.84839893217	9.92906864137
3.53819835853	0.19376121325	2.75904755488
0.27174369540	0.98014305956	0.35776389944
4.81433939311	1.77322234315	18.90389424875
3.74952743131	2.30223483412	4.16794103640
1.14979397202	1.98051616189	0.59655620157
3.28392365099	0.55343299356	1.53049072917
0.77770779978	0.42125472711	0.64830543639
4.69334026142	3.25155316880	16.42784404117
2.06524221896	3.16135471613	0.06045211273
4.85361863549	0.58331406027	19.76102780437
1.80051791237	0.96986133557	0.21085711753
4.60193844691	0.62581601596	14.71518274297
3.14556325113	2.00807880892	1.04450120947
2.11411979193	1.09053226468	0.03990888347
4.57629192563	0.87064389852	14.25803893773
3.16367011987	1.57148310783	1.10153399598
4.06547369389	4.50642165020	7.06589603644
0.37511169903	3.99417134672	0.45566117532
0.11437258915	4.36748791800	0.16848077848
3.46417261262	2.05565557928	2.35255571099
2.91692375715	3.19641385946	0.47651388721
1.93334152757	3.92880886084	0.12877375060
4.01700558237	0.80528846192	6.55293056271
0.97706450294	0.10026330314	0.64404298263
1.79512997961	2.38611138105	0.21436860005
3.15639803427	2.55648964470	1.07839973994
4.32560987205	0.86691827278	10.29621957115
4.04177739807	1.92322225803	6.81181275451
4.58990882767	2.04692941546	14.49950252349
1.27867492283	2.26737647323	0.53955919698
1.62244711830	1.34559070760	0.32999821967
3.21648930455	4.74533893773	1.27897715264
3.16817979512	4.93389756952	1.11603565705
4.11851268295	1.21012768035	7.65791236830
4.61502165336	4.98848862953	14.95228672730
4.36811865996	2.33354862325	10.90601239448
1.54952088076	1.11713158600	0.37867470362
3.62922943016	2.90143814046	3.31898372385
1.72692087147	4.76376767626	0.25956114809
0.43586619267	0.16874578783	0.50361969343
2.34589928640	2.56043303079	-0.00736555208
2.29219509513	0.24230244300	-0.00505431699
4.68156438237	3.86403077111	16.19974389584
3.87589758986	3.12539673848	5.20444058998
4.11490878698	1.63534429193	7.61665050897
3.09114814744	3.35445489970	0.88433678338
1.40322126517	2.86250212225	0.47094583369
1.54006506782	1.95491168576	0.38489686828
2.11353850316	3.06207148604	0.04013529101
0.33583931490	4.02451088287	0.42090465859
0.85879902588	3.02916930153	0.65373245065
3.90593712247	1.75946037889	5.47403878685
3.91381117032	1.68104848751	5.54623544712
1.11229509035	4.71983330940	0.60991114588
1.11733457964	0.26386006382	0.60820855018
2.11864896967	3.09008050486	0.03816025416
2.34427045939	1.47774707893	-0.00738394460
2.94799464946	3.29052837061	0.53825678770
4.76441730030	3.61699646043	17.85269568360
3.38063051186	0.89323745421	1.94320003353
1.21038475311	1.71049930413	0.57178316450
4.90003750489	4.73864442900	20.80882928215
2.13527167065	4.22164537714	0.03198153311
1.92058735896	0.90959119088	0.13618877701
1.09416495521	2.78772625224	0.61579334126
3.55462930254	1.65212150008	2.85510408332
3.40850269410	3.61599069481	2.07414647513
1.49290395742	4.35518610884	0.41548749491
1.90252861032	2.16732064016	0.14688536251
1.91693249960	2.82655208064	0.13833536863
3.53083131508	1.60089248445	2.71667863559
4.79923323561	2.49151945716	18.58133847832
3.95380968123	0.51161634958	5.92295208176
4.12194948892	4.15981183177	7.69740342913
0.56383061046	1.02776545082	0.58205291030
1.13477352480	0.67557174872	0.60209426572
4.61750827231	2.47734533941	14.99765118225
4.01169639542	4.84725426327	6.49833168698
0.61879858666	1.06808229982	0.60661125153
4.45530609480	2.47060730662	12.23422080973
2.58913722630	2.37826147079	0.06887694727
3.28821449222	2.78304249030	1.54747685263
1.23646604147	1.74896561098	0.55998579782
2.25552096906	3.50352678678	-0.00019955818
3.07702827744	1.51132559673	0.84545821408
1.24922624806	4.71454310381	0.55398006703
3.63757173321	3.17429268158	3.37375636308
4.50248678218	0.11511007391	12.99785097893
1.03143547464	3.37144249540	0.63309505015
2.04191653734	2.02298907273	0.07126392463
4.32761025594	0.64058533050	10.32437304050
0.47676657773	0.49522364421	0.53198174857
2.20727174106	2.54162132717	0.00989320547
4.59640640029	0.20556305915	14.61572182132
0.72769779793	4.10901566473	0.63974236128
1.86006988900	4.07622138444	0.17285348358
1.75766481335	4.40113390105	0.23904458224
0.37899193206	1.50289343815	0.45893437366
0.92424645585	0.29695378281	0.65084550196
2.86059259103	1.50812117230	0.37581264001
2.74149873651	3.18541134821	0.20720302905
4.63908391866	4.66191194113	15.39531404341
0.19805822104	3.88515795386	0.27523631985
3.44934424063	2.97518300162	2.27616165674
4.72246549215	1.25790152483	17.00166038067
0.15381524951	0.47534575970	0.22053036067
2.51484942035	3.68689877879	0.02869316725
4.61694084132	4.15897524475	14.98729083451
4.86566057365	3.57270500095	20.02918842315
4.37526592336	3.16960918781	11.01093679354
2.79954324758	3.13802077171	0.28219119039
3.38672522121	2.05488774734	1.97136212201
4.63683059865	0.43336710063	15.35344201964
1.39862761821	2.91801833787	0.47366819872
1.29160480706	1.15407956474	0.53298984923
0.88978665486	2.97801154570	0.65315033554
4.07748754145	3.30960290819	7.19715051875
2.85102117102	1.55316668192	0.36009324825
1.30362173224	3.38560818140	0.52675951285
0.53641852460	2.53337471720	0.56778193794
3.65536300623	1.36863167976	3.49256318795
3.16816661717	4.39807701775	1.11599310722
3.24780613855	2.77524323850	1.39221254951
4.90452070608	0.22165523341	20.91205726641
1.18593309654	4.04296599742	0.58223676578
4.87853509579	1.43261188867	20.31871532077
2.85426368063	4.37131108578	0.36537426250
4.62149177687	0.39875679822	15.07052436942
4.06072286658	1.31897531243	7.01444600550
1.84636428039	0.36436652658	0.18145328276
4.15716309854	4.69539608416	8.11009950595
0.80473632339	2.00681210623	0.65125605628
0.91447620794	0.11626090707	0.65167341071
0.51897064592	0.18506454022	0.55798715761
1.47333247521	0.28644442302	0.42792773146
4.38051944694	4.88115443949	11.08850478537
2.29155930838	3.67274869215	-0.00499204031
4.68573131355	4.98751376619	16.28020240285
2.49861989993	4.16136441402	0.02204269555
2.19035392852	2.17258135464	0.01436233999
1.09567327231	0.70957228991	0.61531863242
4.85884710389	2.12698621020	19.87714722098
1.16314403800	3.34855101234	0.59142775687
2.50682999069	4.66651378364	0.02531530575
4.18660897370	0.14754464459	8.46664231264
4.06522175480	3.75350199799	7.06316116694
1.53985071658	2.85154072294	0.38503761102
3.15661916091	2.38837277026	1.07909865568
3.66332063996	4.63448220333	3.54658943380
0.28236540233	2.45178732108	0.36878080568
2.59461201675	0.26136732757	0.07249996279
3.82909899592	0.94748314295	4.80251106627
3.32819698831	4.96850574176	1.71158655367
2.27534423856	0.40215892063	-0.00313945367
0.90633704796	1.14926086507	0.65225822034
3.91234812169	1.49341855531	5.53277242957
4.66422143655	0.18696311056	15.86786266231
3.30667814513	4.95012515383	1.62194444104
2.65727502654	4.44555812582	0.12086359908
2.53911099701	1.87674487074	0.04002459390
3.11265710236	0.11432894809	0.94566280149
3.94545046723	0.97355331038	5.84283358521
2.48419243190	3.65730028477	0.01673985892
2.25409443881	3.52012059838	0.00003996149
2.48611062819	0.22071037300	0.01741230978
1.85214234984	3.18024014750	0.17781592928
4.92771871464	2.89018877432	21.45198340927
1.73848792680	4.14536231966	0.25181942391
4.51117685529	0.11299165116	13.14202909774
3.31888488936	3.70421597001	1.67241461154
2.39847099771	4.74482299202	-0.00360911974
4.77399956541	3.13181338458	18.05119664668
3.17161120496	3.07166559600	1.12714997488
0.86200663102	4.87888581760	0.65373884111
3.21160413296	0.39799436443	1.26185978587
2.40573879134	1.83104632173	-0.00259006647
2.07179001175	2.58014254089	0.05752966151
0.27664078176	0.75476384587	0.36287060581
3.63082074316	0.70270713320	3.32938589041
3.11139293190	2.17199651426	0.94198746714
3.85909983006	3.78322517890	5.05766567718
2.11053429706	2.92779781879	0.04131254789
0.11302704960	2.43459497887	0.16665051914
3.04580726811	1.99787606969	0.76329400983
0.27248107111	2.73619473504	0.35853583983
4.75080786249	0.43831990063	17.57341256131
3.49429637885	1.60540624574	2.51286299486
0.26902570872	3.87901339994	0.35490931282
0.66575439263	4.79331188068	0.62338357955
2.98097623086	2.48558817452	0.60882341418
1.75846482982	1.58127614248	0.23851349993
0.91475662840	0.50210559902	0.65165155842
4.72282591578	2.34781329473	17.00884809303
0.27274990948	4.68282890561	0.35881701533
1.11262454472	3.78531407081	0.60980072968
1.31160892003	3.50774739720	0.52255360521
4.28089745381	0.27069208184	9.68068391556
3.92085292629	0.49933166078	5.61134402412
2.46926388641	1.25064400997	0.01184302693
4.99880357951	1.77403616343	23.16774921597
4.30325264322	3.34425156644	9.98516296460
2.46137106189	1.86135414809	0.00949212800
4.35455157993	1.29276547735	10.70875047144
4.38288589995	4.32427198144	11.12356867260
0.95773318074	1.28828497452	0.64698203846
0.93117709225	2.92360118330	0.65017555923
2.73294504560	3.11267164944	0.19725285420
0.66904161082	4.78492182329	0.62441507072
4.24210378966	1.06400321070	9.16760914599
0.92582312709	0.88087399843	0.65069910173
2.17941640342	4.13963900744	0.01749515404
4.62316597481	1.81502671704	15.10122546284
0.20092164202	4.30749643244	0.27864328026
4.67021363445	0.64510873315	15.98198784147
3.09325480550	0.83032313853	0.89023058075
2.76090152495	1.02566915837	0.23080554605
3.77607891223	4.47125347221	4.37300084095
2.80063237174	1.76244326298	0.28372594638
4.81194860022	2.05819958316	18.85258426834
1.69331717663	1.20138511078	0.28216296383
2.50835217732	0.31350784789	0.02594262741
2.71237710585	4.73027650896	0.17444483364
4.94602524932	1.79511661302	21.88495191259
1.60269575500	1.35924295510	0.34327581770
4.80723638245	3.77419660727	18.75174005731
4.21009561530	1.04281887328	8.75863189230
0.83574772387	1.02149659433	0.65322715598
1.57802839597	3.44278422628	0.35977265602
2.96516816921	3.86820492860	0.57434419753
2.78613385822	3.72190830759	0.26368726041
1.68590695179	1.46825870141	0.28716230110
4.79545626917	2.18983934904	18.50129952144
1.58751985103	4.04959272631	0.35343832268
2.90364399680	4.39504128000	0.45148945875
1.49611460663	0.73319287933	0.41343122693
3.52580229056	1.04728566220	2.68800288375
1.99172358628	1.87173487235	0.09649367880
3.93237002836	2.13309600667	5.71894361090
0.94059739929	0.25559400639	0.64915584857
3.84951991851	1.21663252676	4.97522161750
1.04399762766	2.81801966554	0.63002039162
1.49431941590	2.26185070352	0.41458147885
1.41460297885	3.71666175376	0.46414584500
0.11980298109	1.94132114302	0.17583075643
0.48774327829	2.97487763062	0.53906219882
2.32676350347	1.44153507229	-0.00722492069
4.14200404177	2.17732994781	7.93062758140
2.13517992631	1.18372514416	0.03201458601
1.42745821832	0.77502831584	0.45637483896
3.43085905500	2.89410263403	2.18321537374
0.57340816566	0.55559738304	0.58671949128
3.27361560824	2.27992787741	1.49017252278
1.72259460132	0.28347781934	0.26246260819
0.76506098266	3.06870864936	0.64652395999
1.94164590678	2.49464919104	0.12401127717
3.35793757237	2.38752496717	1.84063111476
1.31125594476	1.03852826469	0.52274055200
1.46408124091	2.37335242161	0.43374847217
3.53555207655	1.32822722861	2.74377881376
2.24467376410	4.23245622648	0.00171408919
4.90584473631	3.66088245937	20.94261270297
4.99888498381	3.71201088189	23.16976783600
2.29850847051	4.91710966383	-0.00562966953
3.01854799675	3.61186044562	0.69573915467
2.60071634423	1.50071669624	0.07665090288
2.47647678468	3.63065716712	0.01413486613
0.62173999978	0.14543353788	0.60777464759
0.11575716420	2.40371798562	0.17036036823
4.38053054711	1.27646447132	11.08866907826
1.34888700223	1.02370849836	0.50227042474
2.37909360265	1.84707285786	-0.00572187282
0.50754209251	2.42830070531	0.55126938831
2.74723428337	4.08126555514	0.21403005395
1.35459423917	4.24518260854	0.49907426125
4.66900993720	3.71741299437	15.95901668462
4.00627195509	1.70839687758	6.44286808499
2.93302963788	1.58448294415	0.50795473537
2.22161433665	3.24378467253	0.00647371368
1.84540865768	2.55264789502	0.18205647115
0.55708276400	0.40375265946	0.57866598986
2.61731327770	2.89238138887	0.08853768488
2.11289595216	1.66768047751	0.04038608212
4.23514099826	0.80878016960	9.07754884884
1.54759992615	4.92637347769	0.37994083191
4.72176426424	1.01746689215	16.98768231964
3.37937558804	3.55306291018	1.93743386142
3.91566795910	3.48006936784	5.56335355840
2.86404188539	3.55472261829	0.38157467905
0.41261250961	0.91705890709	0.48609178107
3.25838425038	4.78380644534	1.43184886629
2.92083784459	0.45072514287	0.48404406453
1.40832817354	0.22943995136	0.46790426046
4.38907989164	1.16983205344	11.21570904487
1.72583635018	4.56018413954	0.26028821082
4.85766930225	2.54941624512	19.85094750867
2.77063314393	4.89962295823	0.24319102540
0.67935745896	3.11938429218	0.62753210905
3.98668894785	1.90226129951	6.24531539904
3.78889959417	2.56294483283	4.47439103823
1.58635588068	4.09726750103	0.35421608228
3.64996458721	3.64872692669	3.45622497326
0.88331559473	2.63098446509	0.65338985853
1.53098723272	4.47527078393	0.39084490936
1.38816845151	2.76266851301	0.47981780630
3.62263210561	2.38604078288	3.27608770732
2.42527419381	3.98844834848	0.00077747215
1.64460309350	1.51936067095	0.31505715293
2.21732426538	0.76094926062	0.00746032179
0.90556941248	4.44743372923	0.65230842875
1.95190176887	2.22063220183	0.11820399519
0.30171087174	3.06203697079	0.38827996384
0.22625227648	2.08702404504	0.30807666483
1.91802662307	2.76868783614	0.13769176865
0.51220235796	0.42472978274	0.55403767864
3.70230278093	1.95309019744	3.81928927061
4.51994301765	3.23941029641	13.28859427755
1.72899661442	2.21878782824	0.25817011788
1.56884267775	2.57912505736	0.36588478148
0.64035743059	2.99269455772	0.61478727054
0.51327682275	4.53143986838	0.55467027083
3.87457030737	1.53342311794	5.19273991005
2.21892974138	3.06052707852	0.00708745440
0.27117851415	4.42417690439	0.35717150458
4.71942777474	0.28215405437	16.94116564456
3.01687376992	2.96471771092	0.69171469605
1.15684600042	0.25318288372	0.59387106626
1.86838230110	2.31400970169	0.16768636513
3.14532115798	3.93870128804	1.04375152006
2.21820977053	0.64101591758	0.00725412726
1.18690871269	0.99604610176	0.58183125027
3.44396040797	0.66533570336	2.24883033577
2.61561462869	1.34006166526	0.08728037105
1.27063635332	3.84846400215	0.54357142521
2.53098240127	0.18479375722	0.03603972359
2.17171838807	1.69084769947	0.01981176550
0.85480415234	4.18640874709	0.65370276568
0.36265541586	1.59621178496	0.44495852257
0.67855853503	3.15179722581	0.62729719063
1.67659004636	4.92628343960	0.29345237908
1.13371947681	0.10003657404	0.60247352873
3.84417769918	2.37690711740	4.92964249207
2.25107530161	4.56712910985	0.00055906867
2.56798581514	1.26065088927	0.05575375659
2.32152014790	0.33684194039	-0.00705209409
0.87705693636	4.54337694503	0.65356258238
3.33622209003	4.88311283537	1.74581368661
3.29602172836	0.49379713377	1.57869164776
2.81896706448	4.15376058793	0.31028980356
1.82934790109	4.85791072122	0.19225958344
3.19558679879	4.77953908672	1.20675473120
4.64611018098	3.85952595903	15.52639160937
0.92017117015	3.63597514217	0.65120746191
1.72632701462	4.55565840491	0.25995924557
0.41636787672	3.35129859339	0.48899173297
2.13439514876	2.26616322339	0.03229780109
4.15910739197	3.11137835566	8.13331805764
4.21080689118	3.62858666061	8.76758096711
0.50040777055	4.88026208580	0.54695402669
0.18026599643	4.71523759156	0.25370300365
3.33390988868	3.43071603111	1.73590741176
2.05402809761	0.23256153788	0.06557318647
0.17510210829	2.84791904688	0.24733588843
1.72251985044	3.02729719039	0.26251276670
3.69198674853	3.86468032833	3.74581259044
4.31692573104	0.43009147153	10.17461361205
4.87887814490	3.05525716237	20.32647003524
2.84661698040	3.80700030905	0.35299246473
4.29656814885	4.41165472807	9.89343718852
3.19238230710	1.39969403284	1.19591630293
3.18829614992	4.14689805855	1.18218524407
2.66701685269	1.59571369937	0.12956072430
2.56177764068	4.15846200831	0.05216166398
0.63334539882	3.76838285991	0.61221704593
0.15975048298	1.01398855347	0.22809478217
1.82807575665	4.53679207848	0.19307285247
4.41068150407	2.32822258479	11.54118995805
3.56129359050	3.85808678519	2.89468267236
1.92325088204	3.24788992845	0.13463043402
1.82213164826	3.78824655429	0.19688230423
4.21396654350	0.66332437455	8.80741083540
3.26788056033	3.92511114798	1.46803758735
2.88091310463	4.30599224920	0.41050783410
2.32841767403	0.89886841193	-0.00726758162
3.18579904326	0.12355460363	1.17384319140
0.61457691953	1.62591169991	0.60491493091
0.87532288887	2.47685082058	0.65360014329
3.65169765780	3.98141962775	3.46786324633
0.45426733973	0.18794568743	0.51676747809
2.34879646621	2.18081213818	-0.00731869437
3.28597227475	1.53761671790	1.53858564878
4.23253108258	0.47529891418	9.04394840115
0.37648102507	2.05042570832	0.45681957221
0.27582097153	3.12223644165	0.36201897363
0.16528531898	4.65365524911	0.23508584848
2.74098718219	0.51504075682	0.20660019217
2.74449333845	3.99357421178	0.21075190246
2.55009432795	4.12462696057	0.04571556027
1.24598861919	3.48421402591	0.55551810753
2.20957517798	3.91823956593	0.00932087362
1.53226584673	4.58126285053	0.39000870009
0.28162703807	4.86467170809	0.36802210368
4.68160597208	0.25259330118	16.20054556443
1.17250358362	2.90480471621	0.58771879367
4.77016546157	2.41996962092	17.97158633337
2.33322610579	3.04943397426	-0.00735905654
2.27294870087	2.15984381655	-0.00282316215
2.62490346545	2.54323851522	0.09427052224
0.60764338005	4.57557734201	0.60206087394
3.05820784387	1.62931067053	0.79530830293
1.62910387545	2.93394009272	0.32551327153
4.41389791573	3.25329047985	11.59020664106
4.56500747038	1.98995474441	14.06007445613
4.23500385022	3.57036176441	9.07578104890
1.62557165785	4.21317242270	0.32789360607
1.30672280633	4.91864693357	0.52513261881
2.57389465326	2.57708140771	0.05928136489
4.49795785504	4.75943555131	12.92314924155
0.31898530521	4.90902641908	0.40507572800
2.91324610395	0.30648302199	0.46950287147
0.36892704339	0.48314941028	0.45038442523
4.95407341943	2.43875117706	22.07723809238
1.02820268880	3.18245855107	0.63385382600
3.48317774304	0.22884334009	2.45288893437
1.54975334319	1.73201801166	0.37852141393
3.37367877682	0.61473774910	1.91139703185
2.96264133274	4.79327862967	0.56894548977
2.24968523187	2.74733021843	0.00080361757
1.51916035746	0.75380509345	0.39855394069
0.27206406765	2.41824118567	0.35809941998
0.70421145716	0.72761098245	0.63430000508
1.53337286755	2.94095138575	0.38928428875
0.95247541509	2.25473511724	0.64769249749
2.08856789011	2.01750786774	0.05027638195
4.34306629261	1.23346153685	10.54369876692
3.64175049008	4.73897176043	3.40141645010
2.85812915042	4.15735211697	0.37172906349
1.42611024125	3.02123792466	0.45719407970
2.10371669984	2.18959271374	0.04402816350
0.69771788865	4.62871722815	0.63263243242
1.15689933584	4.34728833657	0.59385055354
2.19944473586	1.26184034567	0.01190315238
4.00792776313	3.76844449832	6.45976403851
3.10226243422	1.67486837713	0.91570630694
1.27769470227	0.31542595204	0.54005143130
2.62163259338	1.09361224269	0.09177700207
2.86364465832	1.23683025838	0.38090847694
3.50827430504	0.71093405009	2.58961148989
3.84899845356	3.10387657287	4.97076009717
4.92721139754	4.05500722541	21.44007169778
3.03243411060	1.61033560446	0.72967185862
0.93362029188	3.29559386962	0.64992313187
4.31658412841	1.60965000604	10.16985046560
2.77359040395	4.96933390048	0.24702810882
3.68752924530	4.98220377956	3.71435726932
3.43736903168	4.57421418374	2.21566098030
1.79076296351	1.37435995183	0.21722223703
0.71621612594	4.43914496784	0.63719666495
4.17388929798	3.16749001850	8.31133529102
1.15446612235	0.80849193871	0.59478324361
4.45949678014	4.82869092191	12.30075129229
0.70206446494	4.11858338093	0.63375649504
4.70939912573	4.82169511568	16.74252176345
3.70447825889	3.06486365800	3.83490589408
2.83193540770	4.72795763985	0.32991784141
1.80622701715	2.93273967858	0.20714795300
4.90634127881	1.73219094975	20.95407982793
0.74000264431	1.78870456330	0.64222835297
2.35499395800	3.96839002413	-0.00715728531
0.24677460648	1.37860799416	0.33099527952
0.90497308085	3.43416768739	0.65234684255
2.61457715609	2.09618040530	0.08651704695
1.73219747398	4.50662119269	0.25602656312
0.84556742087	0.77781603712	0.65354144103
3.55356744233	2.98083360282	2.84883089704
4.13318938358	4.85237497999	7.82753026617
2.09125701990	4.23174296314	0.04914603663
3.66336630369	3.55240929918	3.54690104675
1.87856857840	0.16457500326	0.16140743655
3.85366411554	0.50578058650	5.01077425472
0.92099172022	0.84647091898	0.65113649184
4.49848348599	3.62292166432	12.93180381609
0.56045141692	2.25457872979	0.58036706269
0.13254891904	3.47417317229	0.19285147297
4.36246381230	3.55350928256	10.82348934106
3.59776574746	0.51192439626	3.11770558030
2.31686259363	1.73119542259	-0.00685096378
4.64906475980	0.32935884273	15.58174288334
1.56450739780	4.41655539315	0.36876270469
1.48433427464	3.47089189832	0.42095502007
0.54159987910	2.49151007542	0.57058375442
3.42376545520	0.87147123309	2.14821452942
2.55037514205	3.54781669816	0.04586572553
1.45351294727	4.05529379387	0.44034798531
0.94962543614	4.62836078075	0.64806156648
2.05300564459	1.85020563398	0.06604725647
2.81336984106	0.72962366026	0.30203403018
3.31154625465	2.72218052653	1.64195329321
4.81722986370	1.95725362244	18.96605917119
2.52585239174	1.14774743357	0.03362306862
2.71095844035	0.16835715976	0.17292916429
4.79492349406	0.55230369274	18.49002885302
0.59270829151	4.78882189626	0.59562451829
4.52926960432	4.36055708616	13.44577555064
2.62899555833	1.48145723581	0.09743948840
0.48837509990	4.82812418766	0.53946294828
4.09740629882	2.78122611310	7.41842139375
4.30673653871	0.91376356798	10.03320154448
3.29744420428	4.05416181568	1.58442199692
0.18135863712	2.80143867512	0.25504346176
1.02060240962	1.49109308469	0.63558487778
2.31266202489	2.91017183010	-0.00663147498
1.01967019541	0.18428063676	0.63579207348
4.85849584271	2.29823025834	19.86933101291
3.45833658377	3.88616404281	2.32229284622
4.12283457937	0.68271583145	7.70759619906
1.50446105475	0.81781147027	0.40806644124
2.02549614572	4.50306991778	0.07923425224
0.79712226541	1.98389776477	0.65054208125
0.87485952502	3.29661892952	0.65360942206
1.72099607622	4.04925444182	0.26353541916
2.01649980151	4.29120961240	0.08372089153
3.13652615684	3.09543077097	1.01674413215
2.93175371693	0.17663133521	0.50541992507
1.55218902141	0.51468386584	0.37691438355
4.80548824489	1.99285731945	18.71442559289
2.72808266050	2.84758467149	0.19171914071
2.53438033690	1.62145496415	0.03768218201
4.76020584566	3.47801879883	17.76594062065
1.73568833065	4.64168021421	0.25369090885
1.48928332770	0.24515105681	0.41780124960
4.51595658530	2.02374734984	13.22180305203
2.27216811474	3.12408608051	-0.00271775879
2.21519503515	0.97167896060	0.00796153093
2.00188605070	2.65953520079	0.09118259922
1.70167412470	3.28142127869	0.27653006238
1.69459573478	4.67551283896	0.28130077923
1.29310765173	1.29081840857	0.53221718618
3.62513797370	4.33897282773	3.29233741428
3.83546308647	3.69555013779	4.85589534803
1.70570012344	3.50796005018	0.27381876305
3.80027162732	2.82108211297	4.56563416576
2.21771671566	3.80221218285	0.00736877441
4.14367746522	2.41236873596	7.95030464976
2.44775152091	1.64487637841	0.00581569226
2.66827373669	2.27925795051	0.13070664824
0.56108010441	0.36982816202	0.58068226631
1.14792694639	4.17780868795	0.59725805532
3.55865665917	0.16485777206	2.87897927643
4.83850734621	3.82647991371	19.42810687843
4.55724540957	2.30290596980	13.92502251546
4.50336913355	3.83956333243	13.01243970159
3.37930418091	4.16221083866	1.93710609036
0.83315665192	0.99269634623	0.65311955355
3.38468525413	4.50201017539	1.96190676124
1.75999688394	1.85249401600	0.23749691186
1.11693480904	3.10256658804	0.60834467495
2.56262681118	1.20264659907	0.05264612572
2.41846366478	4.90711902677	-0.00050166257
4.78435166677	0.38340190991	18.26738253683
4.47133279794	3.45938346317	12.49001520680
0.26982287024	2.21001758690	0.35574803704
1.26152669199	4.31528224551	0.54805007756
2.18251373653	4.21177072598	0.01658893396
0.61566690830	1.10466326225	0.60535590293
3.77333368967	3.41994149753	4.35149283794
2.77403231439	3.14769550653	0.24760444513
4.20862746697	3.02595141783	8.74017992193
3.66834608555	2.63129711439	3.58099277498
1.94317447846	3.42716846351	0.12314046139
3.94229561386	1.23097739520	5.81278800530
4.66592953904	4.91385356927	15.90033619811
2.76429572234	4.08119045511	0.23508345378
4.64604956635	2.05208786008	15.52525749360
0.38504305495	0.13988014945	0.46398134145
4.67152710518	2.24187107227	16.00708030755
3.25019520213	2.90217913735	1.40110252997
4.76499648483	4.58148265027	17.86464999287
1.24420967294	1.57957025518	0.55635910519
0.28427144095	4.41163100410	0.37073442078
4.13857966055	2.63163425604	7.89046580720
0.21908840976	2.79100799655	0.29988094124
2.92733879841	1.18403008519	0.49670770911
1.49398509979	0.78337740356	0.41479554406
3.43379384719	3.02482222540	2.19780378389
3.40532716879	2.01436929389	2.05894753962
2.11800625628	0.91083532834	0.03840671991
3.20027764150	1.36104211607	1.22273191420
1.59746239064	3.31474695325	0.34678471588
4.05741663420	2.87548121515	6.97879173174
4.02986853819	0.64134820591	6.68650438164
2.95110773532	4.47342483278	0.54469363427
1.39187019406	3.39737284916	0.47764918265
0.14687854926	0.86181134783	0.21160084842
4.41053918419	3.16170433955	11.53902439477
4.20617025525	3.24576076332	8.70935703371
4.82327919864	4.78245159869	19.09662667672
0.24094336939	3.35157635315	0.32456745655
3.71848345625	1.03919165111	3.93646246669
0.58171233191	2.79903068972	0.59063251988
1.10337496231	2.15838345577	0.61285306911
4.80300635588	0.92228284368	18.66153876686
3.07902609122	3.22768399623	0.85089339993
1.13790744762	4.21672921594	0.60095933235
3.91896671560	3.03726536152	5.59385355693
3.16183659694	4.35860698752	1.09567202741
3.32104741017	2.40314169291	1.68145949196
2.69685118420	4.10202733461	0.15825524922
2.95357260631	2.16940639601	0.54982297454
3.38940591662	3.62177664393	1.98383206707
4.07058282234	4.35116960989	7.12151312151
3.09058013396	4.67738915684	0.88275181128
4.94426851845	4.25909090616	21.84313809572
1.39521562193	4.89625144573	0.47568186050
0.37345220774	0.55308010768	0.45425249495
0.76890108656	2.63853409559	0.64709212847
3.70324772592	4.75019567648	3.82606732067
2.78763156479	2.80871426985	0.26571817629
2.39744946485	4.47884215036	-0.00374234402
0.62838522388	1.62399913709	0.61034716718
0.96671224871	3.53431188719	0.64568051814
1.62634478194	3.74703073675	0.32737270170
2.51270802047	2.33332218185	0.02777353968
4.39149182856	0.46800208636	11.25173108066
0.52898948175	4.98106132231	0.56367941374
3.74481432592	0.66183306602	4.13222752078
0.90761758344	2.87773204273	0.65217256324
3.11395210109	4.37891620106	0.94943701586
3.76595132766	3.30868741378	4.29400603050
3.17112008416	4.24030285650	1.12555498772
3.71027590016	2.03060217755	3.87673191808
2.44388399519	2.78360751223	0.00485832269
3.19031078323	0.94853774332	1.18894268305
0.98443230822	1.71828590420	0.64278898376
3.04238709330	3.17786161711	0.75460643851
4.24194695632	3.77741135433	9.16557384078
4.41967852609	1.67124468541	11.67866329674
3.70226733834	4.69184778113	3.81903519825
0.23738215839	2.77090520357	0.32060900715
0.39939277397	4.53753142322	0.47567027217
3.95706799365	3.34094479542	5.95438189865
3.16742718302	4.99912235019	1.11360720709
4.36779526504	2.13081327595	10.90128128115
2.56079188140	2.72840702573	0.05160200002
4.15449858694	2.59416832205	8.07835406430
4.97594341270	0.33200117490	22.60578033318
0.41683169073	4.52225714216	0.48934804257
1.53888908433	1.42566871874	0.38566884595
0.11624441352	2.53949870840	0.17102091052
0.44357275976	1.85366450363	0.50920354463
4.24405113310	0.10096339631	9.19290672958
4.07691058639	3.10442617565	7.19080939124
2.72400300063	3.82054338880	0.18714425427
2.31293904451	3.91066546053	-0.00664705679
3.21735782871	1.53805423492	1.28203571603
4.26005621872	4.64759887419	9.40265042953
3.59612213111	3.12699242587	3.10741913319
0.45044723892	3.88371319880	0.51409028112
0.71822279555	2.51457421126	0.63765738405
1.60292116107	0.75671532510	0.34312458998
0.97018075165	3.86993682146	0.64514813800
3.00947317112	1.48202267509	0.67409614827
2.85795144962	0.43791789374	0.37143550969
0.19486834485	4.33015193423	0.27142183532
0.75672816700	1.57554099523	0.64520899086
3.44374158294	2.16918828329	2.24772400350
3.83760347066	3.25956817849	4.87393899431
2.18576529525	0.40352780973	0.01565373606
4.21891992043	0.74569845248	8.87010215008
2.35681551020	4.66689157762	-0.00709389044
4.76205587098	2.49408770670	17.80401418471
2.01547149749	2.47535097565	0.08423898497
3.27294525772	4.82137010623	1.48757432807
0.61255894417	2.90226326387	0.60409300916
1.20846681178	4.55217851787	0.57262470383
3.68630893649	1.62118979964	3.70577667147
1.48497908115	1.05395778633	0.42054471022
2.86554313762	0.38545691857	0.38409868260
3.35914624152	1.21577006179	1.84600380766
0.92270765329	0.58745441104	0.65098496545
4.14085699630	4.23338451963	7.91715925879
1.52319613555	0.13644428901	0.39592865203
0.34450930125	2.91872498897	0.42883327056
2.91232475628	2.28975811662	0.46775615859
2.72878142511	0.89714062220	0.19250894449
1.06798323785	3.41988777007	0.62360117158
1.71927226881	0.76455228666	0.26469273998
1.14831692376	3.42715880418	0.59711176867
3.56474970474	3.83236554729	2.91534973946
0.28462859645	3.04098097333	0.37109970169
2.02587386194	0.54957251231	0.07904770449
1.36745543186	0.19050455980	0.49178780353
0.20941217093	1.48936458365	0.28865019153
0.49262059910	2.08016155557	0.54213659653
0.11488549183	2.29263782421	0.16917750022
2.31056630875	1.76784026074	-0.00650855013
3.44283994335	4.77763489717	2.24316924629
3.54746110973	2.19756124410	2.81293232468
3.45149508261	2.01201838961	2.28714072246
2.55794692164	2.17680488600	0.05000314945
1.26749562272	0.13197237308	0.54512377470
2.44540865473	4.90911543223	0.00523120023
0.66263369305	2.36280199084	0.62238719471
1.42148582176	3.92389660858	0.45999685339
0.72989066120	1.16701281427	0.64020369268
3.65869675380	4.37831591105	3.51512974381
2.06995482805	2.16355574514	0.05834364396
3.60836849891	2.30960989691	3.18460343475
0.62785917299	0.20768445462	0.61014633709
1.30703548160	2.64287761484	0.52496815270
4.21035351354	4.21359726349	8.76187596998
2.84987480732	2.41657203113	0.35823699222
4.53669529889	1.86117105855	13.57184384371
1.45741730202	2.77066059470	0.43791620977
3.25946935409	4.49634739943	1.43595489321
2.13591835800	2.00745962977	0.03174888474
0.41006938797	3.96834274144	0.48411275310
1.18429922411	4.35238735104	0.58291369754
2.88641518004	3.89256079370	0.42021531545
3.40532258603	3.60242800234	2.05892565766
4.93162234948	2.62955430913	21.54379637638
3.07012096249	1.93107682670	0.82683223332
4.18753701894	2.03272753446	8.47805110467
0.55233284871	1.43981759870	0.57623261397
0.20466410616	2.56246884518	0.28307169961
3.60302727480	4.94219378850	3.15078572130
1.77444312457	2.45769076180	0.22794197389
1.21535034014	3.96173596505	0.56958763467
2.20019795533	2.40057675406	0.01170537757
0.36417773885	1.91636616308	0.44628250377
4.30567779506	1.24242433453	10.01858594608
1.57387872284	2.68845101645	0.36253615268
2.59848782498	3.76153654782	0.07512185077
2.10331702219	2.44211572806	0.04418924422
4.87346855245	4.30207249134	20.20442749691
0.71420152968	3.47516873311	0.63672737408
2.23303021539	3.08017597314	0.00400161772
0.86210801383	1.32196392355	0.65373879028
0.37696178759	3.59892212680	0.45722542693
0.43602911765	2.05317229550	0.50373889890
1.30052836692	1.45193879402	0.52837461116
2.29012005446	2.45972460617	-0.00484814669
0.11592941880	2.90550149975	0.17059394022
0.14254991280	3.33298865567	0.20598017768
2.45555615756	4.07286395647	0.00786398537
1.16615896718	0.82919087199	0.59024313649
0.35238524740	0.92305950844	0.43590999529
0.58170581995	2.53064597067	0.59062949967
0.42865885324	2.90133776595	0.49829630239
2.41568282361	3.04639748141	-0.00099142570
4.60970274147	4.77518264165	14.85557369942
4.97977797357	0.60986591506	22.69936460200
1.11331126855	4.66255100284	0.60957017397
2.15484765878	2.84492518642	0.02520298638
1.64932763299	1.37603550609	0.31186715869
0.96335816153	4.10504491399	0.64617966751
2.14738236730	3.67218136157	0.02772298358
2.76638986319	3.28168803262	0.23774517639
2.43778372399	2.97303441592	0.00342519476
2.84872025534	3.46316658288	0.35637317079
3.08333436055	4.98493830286	0.86268788570
4.64786115764	0.45096181603	15.55917788066
0.19901295499	0.37912179423	0.27637408533
3.70352638706	2.46397697448	3.82806767487
4.91323716294	1.71959773039	21.11379135077
3.16079155415	4.60856380356	1.09233970151
3.23183147791	0.38471625064	1.33368965875
2.18281961674	3.62682642890	0.01650025167
4.64602447408	4.38976542063	15.52478802746
1.96372068312	4.60218661191	0.11161758665
3.87856454973	1.60362737885	5.22800498166
1.24473772009	3.93360307925	0.55610977455
1.29080250854	3.29161687166	0.53340156869
1.85795066740	3.74166163535	0.17417682132
0.51643611811	2.18822196631	0.55651803332
0.36461552888	3.08471936500	0.44666243034
3.17824509879	4.58475513995	1.14883403969
3.84611680991	2.23451697461	4.94615407676
0.16063302367	1.14068431237	0.22921359862
2.09983906487	1.62192427931	0.04559965976
2.09545664670	2.09755961160	0.04739894161
1.89863584112	3.90979287132	0.14921999489
1.25792116078	1.17011854904	0.54980238438
4.55767758264	4.28976639271	13.93251799242
2.40242604087	3.77747069586	-0.00307009370
1.75308180650	1.60798246680	0.24208998853
4.29070849513	1.92084093352	9.81350986500
3.60417465673	4.39540844494	3.15803018992
1.52558737665	3.66985232351	0.39437050601
1.83004297172	1.57375872372	0.19181553801
1.42747169543	3.36630311319	0.45636664307
4.68983358689	1.09781966455	16.35968557212
2.51137628780	3.41385965896	0.02720812459
4.30716685354	0.89998298173	10.03914610157
1.82968641678	1.62809666435	0.19204329579
3.82744096901	4.06755038017	4.78866806856
3.91088881727	3.01706288230	5.51936590252
3.77430077669	4.71699330275	4.35906157044
0.42452704736	4.43366967121	0.49520030289
0.12652148906	1.03307607253	0.18484286885
0.39625395874	4.09809170517	0.47314701863
2.84027322511	0.60637314238	0.34291006849
0.27429699609	1.46239266835	0.36043234933
3.36059603209	4.88523891950	1.85246165022
0.42413049714	4.01921959226	0.49490146745
2.18915717034	3.14243414620	0.01469593194
1.72432611474	4.48250274238	0.26130099091
0.69900991903	2.72433567040	0.63296988400
1.26049431216	0.28078072252	0.54855300466
1.57113309298	4.91593118209	0.36436252825
0.12784021290	0.81358817710	0.18660123052
3.13633388290	3.80900137342	1.01615864869
1.93404051608	1.30622798945	0.12837085992
0.68655097887	2.95779441743	0.62959843905
1.59370735037	4.75836691860	0.34929965607
0.41511953864	0.93993641050	0.48803071379
4.47498265743	0.61184018480	12.54878428288
2.96277212419	0.25918781000	0.56922417491
4.82190131047	3.98396644624	19.06683118692
2.86649716924	2.66662392081	0.38570776875
4.95328164065	3.59365548340	22.05826825664
2.25546307594	3.52263756896	-0.00018990984
3.26599865542	2.49469937127	1.46082020381
1.14463054433	1.07252928669	0.59848794667
1.62354303773	0.40268641335	0.32926014602
0.24438480644	4.47838817053	0.32836906795
0.85530313134	1.30302111090	0.65370779300
4.90032736384	1.76454359782	20.81549253871
0.85746158263	2.59493618617	0.65372519938
1.08231113561	2.22909069178	0.61943021788
4.86701340957	1.13943485164	20.05947389411
4.57581043722	0.12574125092	14.24955264115
3.24166583133	0.12724591438	1.36952859242
2.39806128826	0.79326352920	-0.00366284750
4.13472510879	2.26452955767	7.84542585451
3.08674631047	3.49558688652	0.87210010274
0.38968124342	2.18255405885	0.46780246561
1.37871851510	3.38536750460	0.48531400265
4.95661587998	1.23455090385	22.13822957272
0.69470867204	3.25633125937	0.63183557960
2.21980569558	2.72994001297	0.00688585408
0.40305616477	0.21576182651	0.47859150567
3.47211045936	4.71641656649	2.39412903479
4.75198302166	4.94982715812	17.59740644401
4.05531962403	1.97396197596	6.95624185145
0.33374403442	3.46643730230	0.41896675098
1.59841990668	1.40134795639	0.34614304186
2.98530203799	4.48074535313	0.61847182888
3.51538268107	4.03763381779	2.62922357845
1.88219390218	1.63811439059	0.15918737508
3.38658671947	4.93786326825	1.97071922769
0.71113503485	2.15965193229	0.63600004422
0.96223572897	0.39618263035	0.64634325624
1.72741131156	0.75941969170	0.25923242110
2.33520466628	3.77236161794	-0.00738256670
4.61893980876	4.64581520069	15.02381090899
2.99980360556	2.88949124926	0.65149310057
2.57905527064	4.78102803471	0.06244970761
1.89242024770	1.78584271182	0.15296805015
1.07347862424	4.19728552668	0.62203080045
0.26599937430	1.51087208583	0.35171385780
4.58800749769	2.68518879068	14.46561670884
4.00147356338	4.96274719920	6.39407484162
0.14433624429	1.84992277855	0.20830421907
1.95024352159	1.42225684623	0.11913727069
2.35961299639	1.87940573711	-0.00698232920
1.52905680537	2.23544012895	0.39210639874
1.96609503180	4.31940458382	0.11030852192
4.51510493071	1.47649904374	13.20756426595
3.16728571568	1.46827021300	1.11315110642
1.71118389705	3.43460877388	0.27012862320
3.28641360892	4.21333159335	1.54033310943
1.88235683611	4.02989220481	0.15908778276
0.96159663262	2.82371686106	0.64643562696
1.32486386693	3.59460074854	0.51546256778
3.62505675056	2.13069388486	3.29180987443
3.03151140038	4.77365281888	0.72738628808
4.56840195083	4.56638410303	14.11942114070
1.62434435173	1.77421890977	0.32872040494
3.04145882811	4.75941324108	0.75225910837
4.72515402573	0.73325910435	17.05532756572
1.13440938475	1.08468613225	0.60222542898
2.06500894867	3.98516825688	0.06055715737
1.15873747447	1.63923944903	0.59314173919
4.42016932792	3.54628001390	11.68619520010
1.48982873234	4.75427186981	0.41745305897
2.03720954154	2.53642760067	0.07351914645
1.78589603915	3.78355383758	0.22041016593
2.33977610597	3.17356266002	-0.00740516774
1.99600972970	3.25592472863	0.09424171563
2.40713328815	4.63668467559	-0.00238018239
2.67680751637	4.67836443495	0.13863223958
3.99611224772	3.60103124436	6.33985532010
3.49170362917	4.51820360256	2.49879287370
3.63670713267	0.35345507385	3.36805207436
1.68815008276	1.18171311028	0.28564857943
1.45231097549	1.86514709399	0.44109509271
0.97729069587	1.34894119747	0.64400557624
0.29391244808	3.29906572025	0.38050739925
4.01733485648	4.68799271462	6.55632701209
2.10716021966	3.14423913932	0.04264893084
4.89232105050	0.91711648737	20.63199656488
3.22857245374	4.10407930090	1.32194577956
4.22379057292	2.98000823982	8.93204509156
1.99516005178	0.78141975380	0.09468676592
2.92984566710	0.76267881065	0.50164349830
2.14635568472	1.37005305677	0.02807587524
1.12216398637	3.07206658321	0.60654971164
1.45896828804	3.67947890767	0.43694811737
1.91481271040	1.30010438037	0.13958469562
2.02394194700	0.84264438275	0.08000340559
3.49215152395	4.36988381579	2.50121977873
4.94592774250	2.21787655775	21.88262956853
1.80965895747	1.37312291941	0.20492422044
2.51439888412	1.05327951802	0.02849861169
4.88919616100	1.51521628273	20.56068807648
4.09349061097	4.84864217827	7.37456135552
1.87845798036	3.78170572393	0.16147528687
0.72218652045	2.97820897101	0.63854773904
2.52279385216	4.41980882577	0.03221813368
1.48415443883	0.34612764708	0.42106942314
2.61185615241	3.21685214703	0.08453158148
3.01794013834	2.61222717745	0.69427634891
1.42537228789	3.88341415459	0.45764214561
4.35613743801	1.30185773954	10.73167992918
0.41287706991	3.08521319752	0.48629695417
4.69163160997	2.29230570653	16.39460854474
2.98307376947	0.10246449026	0.61349031270
2.27395205935	0.35934601039	-0.00295695897
1.19106396118	3.02991291620	0.58009321732
3.87303596852	0.10219952142	5.17923605507
4.22485627647	2.92804231885	8.94563783246
1.21636373745	2.55081029398	0.56913660380
0.79491943931	3.46971732988	0.65031844057
1.03917139454	1.75425725487	0.63122527655
3.40940515502	3.24210164574	2.07847914053
4.41313072835	3.14508858409	11.57850195752
2.25427385677	4.80550790987	0.00000963303
4.41930914022	3.51466167773	11.67299687918
2.49369599544	1.60629901948	0.02016912291
4.42029964894	0.66599952429	11.68819568822
3.15613554687	2.98312320855	1.07757046403
2.41498509010	1.11745374336	-0.00111136722
2.69864737727	4.19718921448	0.16008363842
0.82212623524	2.34352059075	0.65254550619
4.18882210778	4.73772342093	8.49386658708
3.70134343309	4.36667251235	3.81241610150
2.82307778156	2.92951660971	0.31643562216
2.73988506731	3.43888427678	0.20530478046
0.36090183945	1.51974757389	0.44342789807
4.24686814386	0.83025332039	9.22958701082
1.88376253061	4.82813169725	0.15822922576
4.87522026315	1.65442802026	20.24389006931
0.37036755896	4.54506656116	0.45162002587
4.59322806158	3.49270452516	14.55879126390
1.75652737532	2.29697758102	0.23979993200
2.31356333613	4.24484956281	-0.00668160007
4.36847607892	3.92788688354	10.91124291720
4.52582272041	3.52252888614	13.38753504835
2.58309020225	1.08545762116	0.06498411486
1.35879853595	2.71388132877	0.49670500419
3.25779305266	2.16474745137	1.42961492852
3.55740663136	3.87583107495	2.87155478153
4.36887356087	0.78438567755	10.91706176729
0.61555160137	2.45617907259	0.60530935255
1.37785967375	4.17219969511	0.48581062679
2.23127554965	0.95162218488	0.00436695748
1.54200835256	3.07516542793	0.38362027915
1.48489280950	3.57516289515	0.42059961782
2.31418332093	3.90250161457	-0.00671512024
1.94564429298	2.01437498067	0.12173730154
2.01841587834	1.42315816300	0.08275836627
1.51398264143	4.77678414959	0.40191367246
3.53352922876	4.45426137565	2.73214473787
2.74065195501	1.51565766887	0.20620568399
4.95046314808	2.84265708621	21.99083483487
2.50534772631	3.84721662691	0.02471063930
3.55334489087	2.05063745987	2.84751727363
3.62665522836	3.44337259720	3.30220219656
1.26433686933	4.80139848303	0.54667629488
4.43026169099	0.73939385652	11.84182227342
3.38353825813	4.73633466340	1.95660328375
3.85056772061	3.13735837363	4.98419449741
0.13914182063	4.74587538761	0.20152859505
0.74513809412	0.54226263496	0.64319220483
4.71059224305	3.17100761019	16.76606853313
3.38329971778	0.75375164143	1.95550148787
1.81896247597	1.05236223606	0.19891957554
2.43466932089	0.59815298729	0.00272959713
1.27701908004	1.38295724796	0.54039022611
4.70477086303	2.68813977672	16.65140010786
2.39039262716	1.68823755827	-0.00459584268
2.08543250359	0.83416994512	0.05160567548
1.71129790634	1.58780579235	0.27005194221
4.98582537757	1.05045421834	22.84751047863
1.55161711366	2.93087614215	0.37729186837
0.36822393875	2.30638992153	0.44977989212
0.56431167573	4.53499132613	0.58229123744
1.11359717845	3.23598731975	0.60947402490
0.96715363111	0.84223390886	0.64561368412
3.58816391410	2.70478640895	3.05793025161
1.45399170642	1.12811448902	0.44005020295
4.21430292329	1.47939071586	8.81165847732
1.60178239270	1.75033154347	0.34388852437
1.88020680842	4.31991438007	0.16040325401
3.29089374148	4.88598039182	1.55814405399
0.16416917338	4.93295790682	0.23368093857
1.40823852089	1.97898543047	0.46795779074
0.27477392173	2.21174732679	0.36092936934
1.63692232178	2.44812561716	0.32024079155
2.76370691863	3.01620324809	0.23433814040
3.80537125761	0.15815023623	4.60695329555
2.23614559601	3.17956122300	0.00336618845
1.55082089047	2.94801532804	0.37781726153
2.24886766187	4.51287147955	0.00094907538
2.44834841719	1.97693213846	0.00596683854
4.24319760689	2.29405870700	9.18181281705
3.31817900621	3.84387787117	1.66946898862
3.09511289200	1.25548077345	0.89544914621
1.26399362516	3.29778968272	0.54684446830
4.15723097586	3.69716105270	8.11090932327
0.45356189849	2.11721452386	0.51627515112
1.81069878938	3.31117764064	0.20425136698
2.88927569476	4.03110041858	0.42531549405
3.69994058707	2.04513243823	3.80238037417
0.52846041043	3.20845741040	0.56338340696
4.70133171554	3.84161286207	16.58391547402
4.57269567193	2.29534310438	14.19473965110
0.15551435638	4.25464240874	0.22270301331
2.12152486070	1.14354571423	0.03706423840
0.78025856322	4.90627952101	0.64863360361
4.71347135130	3.92531355389	16.82298480983
4.89748379750	4.47384159583	20.75018984481
