x0	x1	response
5.21896597549	3.87632579435	7.41499475675
0.84470033684	4.07218090516	5.67480354300
5.90514192655	3.68336336143	7.68792824290
2.38961355607	3.72073451476	6.80962095327
2.79378324361	4.18619648139	6.63466996034
2.20017010419	1.61422300052	8.28150902373
2.55480854956	0.49263179862	7.89057602252
0.86593772604	5.18212078542	5.60429970453
1.61721656566	1.85836324404	7.96967999946
1.17143507555	1.54723194127	7.73768371170
5.72043599624	2.95335809446	8.36023924820
4.78800729948	0.13713696165	8.14001250816
4.68181085257	1.79849971741	8.95618799673
3.69397078282	1.32026558924	8.72726336851
5.66441241202	2.70612430637	8.58552160018
1.22630044086	0.32308525924	7.09332731347
1.38665085545	1.47515076264	7.87437580253
4.42475737218	2.95834151166	8.11069886062
3.32541640007	5.11838756322	6.74166752742
0.65297278549	5.69679209187	5.73087111074
5.34195594235	2.72881445810	8.50877921466
1.32141443879	1.36947939277	7.81807458497
1.95929240131	4.96954906218	6.21185047712
5.80708250424	2.17766125169	9.00896257971
4.31047873218	2.57853675405	8.43749480441
5.78078954157	3.19275334246	8.13203392522
5.68682093945	4.87843756657	7.18122257549
1.31268201363	0.96895156741	7.65699052732
3.06858006480	1.03706735152	8.44674731602
1.55701476782	2.70303143011	7.40260783446
4.48848091643	4.72723820694	6.94212121143
4.37901616079	5.51750542334	7.22561141970
1.40902009235	0.46553587160	7.34142319401
4.34930953437	1.67955481110	8.90629217551
2.95456268514	0.85787190020	8.30732239033
2.29623821329	0.72776257588	7.98611211664
2.15309055573	1.64550599215	8.26026053239
0.34566493029	4.22024911269	4.98689363147
3.42576496495	4.26042168338	6.78846597182
4.22611650149	4.39136035579	6.93613883421
4.97483999428	5.16669296988	7.14115185443
0.07775707753	5.39874032968	4.49724842081
2.74457908994	0.83670942419	8.22554080068
0.19726197773	4.93296746771	4.60591254202
0.45196848673	1.21175423971	6.96866143673
2.22221743185	2.58403327136	7.82052664677
1.38352985069	2.68742117358	7.31575552292
1.64683166762	4.28515309841	6.11636475613
5.75341792779	1.52459957530	9.17755644262
5.87950920943	3.34120392498	8.00112070827
0.68769897993	2.96956286014	6.49315059540
3.76148990992	1.98775744085	8.68978094185
3.87079870845	0.82778297152	8.53877470698
2.60775022557	0.64403393187	8.03675521525
1.38557916525	1.98046340446	7.79554481019
5.00986198399	0.08618070752	8.13247321688
4.82255579324	0.42640341884	8.42373809714
2.66536349821	0.06826175285	7.52449762472
6.03564338462	5.69940845338	7.67338334845
4.26476056941	1.73818322328	8.87967000901
6.00399196651	1.88130010460	9.17169410289
1.21045635410	0.62946026256	7.35375186875
0.42010416591	2.31701777834	6.72023149847
4.66560500131	3.16677851208	7.95352600409
5.91601394617	4.27397212802	7.29992209819
0.32483066286	4.14156095770	4.99116072116
5.91932060471	3.42506524063	7.92619175603
2.48507307721	3.90284404105	6.70262455976
1.83265666550	3.32186105933	6.94064504661
0.27867078146	3.13713578916	5.75336182865
4.60281471718	1.60575080956	8.96524240605
5.60791753142	1.70305144339	9.14535556402
2.43466018803	4.46489514903	6.40431910738
5.41891405755	0.61164205740	8.69550453254
0.72394422965	5.58473387097	5.71686061669
4.31096266189	2.55818715620	8.45469739726
4.47692386154	3.70279807023	7.40736189849
2.67054200130	5.04783997694	6.51380163723
5.51284149964	3.85185384284	7.48569320534
3.39045709839	2.85122270678	7.96471031616
3.79596257302	1.44750980046	8.77642368691
4.69815828700	4.00783360465	7.22341019720
1.31847606504	5.35958134380	6.03861904776
5.77157627286	5.48079168646	7.46262173961
0.91080853028	4.99788042171	5.57588776792
3.94710406779	4.01403884311	7.05478512434
5.59348533626	1.94678134100	9.08176817101
1.94476957789	2.85891615508	7.45129834532
4.02551672642	1.82093342181	8.80807782264
5.90173206951	2.76202258378	8.57354921479
3.53871908394	3.90513128161	7.02684029903
2.64421889689	4.61978102865	6.45329467723
1.41719647935	2.08220615470	7.76949321661
5.60983209124	0.91691344516	8.94814324702
1.13660953308	2.14201900916	7.55439649121
2.16908994685	0.28061004118	7.54662765604
1.93095780440	4.60922300204	6.17137539254
5.58512385117	4.22657355315	7.26589535616
4.31488126908	3.94284845634	7.18645641464
4.43519294950	1.78543706266	8.90775443972
3.60292771921	4.65345908231	6.73686353098
5.05105412214	1.45525735159	9.04753284728
5.69138556349	6.01883007115	7.90694977026
3.24829411382	5.11516342859	6.71859278534
3.19444330990	2.72002774029	8.03224551709
4.71512517742	5.29564890356	7.15406117770
3.95652891931	2.73549165568	8.21796263519
3.69833318340	2.40436371690	8.43182685435
4.77308461297	1.29441703710	8.96238831123
1.33284815719	4.14253981187	6.00353785741
5.12478090114	2.10005174196	8.93119541549
0.15809820616	1.00335699290	6.33332695993
1.06277621148	0.89736132543	7.44012245943
5.32579913673	2.11676577265	8.95935432186
5.12342839673	0.09702415461	8.16463250149
4.30370754172	0.12800175539	8.02988860853
5.34082930035	5.18096566152	7.21521000506
0.15896278766	3.03757083918	5.59599757088
5.39351627029	5.49623697374	7.40859961765
0.67867523882	2.23059582140	7.10241332722
2.76527513878	3.54691702733	7.09566857146
5.04192763323	3.51502506831	7.68766350292
2.84028683551	5.12407187305	6.59810956703
5.60293263069	2.25420042051	8.92866494845
5.85971551364	4.59838413043	7.20266608986
2.18362442761	2.67929502670	7.72168176888
1.76341302069	0.47461020562	7.54311743456
5.66206919523	0.81724555344	8.89255416555
3.88406991060	4.02458360295	7.03291561793
4.70494902931	3.32969394140	7.79968722987
3.89358368124	3.30182583338	7.64830699428
1.67351261566	2.63628968946	7.52451992760
3.82572313576	3.21597858154	7.71702520130
4.96342739752	1.82130441743	9.00631844342
1.18696124463	2.65600533629	7.21555286213
3.25727740411	3.98262492929	6.89580270051
0.24162504581	2.27043000686	6.44133353181
5.02197642994	0.64214652204	8.64761546796
3.95362403758	4.38179189067	6.87639268830
1.63749433803	3.24233189316	6.92097562778
2.01434746849	5.06150265228	6.26390472137
2.28663030553	5.13677831487	6.40584055685
4.51498617953	2.82785064283	8.25620913259
2.42839926495	2.51363993824	7.95900295012
3.63185930518	0.14202592018	7.88415752781
1.77323753194	4.86204248303	6.10217052961
4.20099978689	2.53971150665	8.44561715427
5.70544809609	0.31032837195	8.47597214775
0.98086399107	3.28166577192	6.45439519847
1.19630614504	3.91314909467	6.05805540037
0.14342238158	3.71236308652	4.91314236240
2.59594138903	4.65654699643	6.43374702488
2.60536713543	1.19609354574	8.36611123375
5.97259783011	3.56029436326	7.80790718305
0.46953125758	5.34748761364	5.25212586547
3.98264286836	4.40348624616	6.87645322373
3.38036642262	4.39330066285	6.72610613880
4.80029358397	3.49516067710	7.65949341657
5.64300745851	1.96364199807	9.08388425781
5.21714475646	2.99346909999	8.23263335345
1.55711662129	4.16533389020	6.12396681944
2.06855672926	1.55460709343	8.22710821098
5.93505053382	2.48815144073	8.81635184816
0.53455952330	0.85836256350	6.90043474810
5.56328625390	2.22958857521	8.93717254037
5.82522650869	0.57797290515	8.73684085791
3.72520828181	4.47627907819	6.79411619636
5.51620085929	1.03964356953	9.00053153499
0.90609291368	1.16500020490	7.45012892227
1.65216172938	6.00286614938	6.75262299003
2.47418501795	3.23025418204	7.29991825383
3.20659617475	1.97354839932	8.54656450128
2.53898473186	2.14541982446	8.25136899334
5.38215166345	2.85957991410	8.39307535021
4.24079274873	2.49233187221	8.49292136650
6.00293070713	3.56771803397	7.80599884256
3.79098498687	4.89735323261	6.79984000633
0.73712448620	4.30754094340	5.45417297662
6.00001559205	1.04427203513	9.08343726143
5.00717354282	4.70977304731	7.04589131572
0.16030737614	5.94071057296	5.15962652306
4.84074224352	4.01059404005	7.25003338142
5.24123851049	4.24000513276	7.19896204104
2.69709008940	1.48032060076	8.46302249702
1.99297883678	3.80025152572	6.58204236107
4.20652108825	1.21220589044	8.81705524443
0.25039406987	1.34137556064	6.66773329383
3.70922890447	0.49922931774	8.24109270532
3.52729570426	0.30266763807	8.01337033668
2.32311553493	2.20786208649	8.13525641360
0.96376130333	2.66948751523	7.03478056953
4.19935680971	5.57748685000	7.23048828523
3.41259680172	0.49297143243	8.15771236472
0.31966120088	2.33757618979	6.54372947630
2.58061670099	2.65017714338	7.89866333201
3.69530799483	0.75765441697	8.44604077305
4.49229336863	4.08277562074	7.13455997781
2.93311967230	1.12798524740	8.44770684644
3.08528193540	5.90263212545	7.21941744232
4.79148585669	4.70599157024	7.00401567595
0.81739514211	1.90326558987	7.39675490761
2.48049784571	1.01269387494	8.23903985120
3.26796596806	0.43381444132	8.06451229154
1.61472171651	4.41042917927	6.05465069539
6.01804979314	4.75508415272	7.22267093003
2.03633560511	3.65737864489	6.72002598527
5.39063447294	4.76684778828	7.11777342993
3.99018485372	3.54769259394	7.43587174736
1.70940097195	2.49505511506	7.66135953518
4.99462083314	5.84773272492	7.62167651776
1.46201966582	3.28781230454	6.77826895206
3.76192335417	5.47812332453	7.05469152441
4.00233063198	2.49067399669	8.43967905588
6.01424307107	1.18175525373	9.14642533097
5.33319915859	0.93037796238	8.90790214151
5.39864861962	1.70106060210	9.10923829529
4.23989391933	3.55800983535	7.48363702539
1.65983100687	4.65097392858	6.03519443278
0.72687576676	3.79157092358	5.75772946154
2.13930910249	3.45376661360	6.95017035777
4.68776296491	5.43250698370	7.23147883432
1.31934726198	1.12354836976	7.73859487213
2.61527891106	3.45974666975	7.12614630530
1.93702604790	0.87376558224	7.93558867282
0.29222220468	4.07916979604	4.96808821215
0.38551862180	3.10648172117	5.96808419381
5.02136811123	1.01811118535	8.89970225489
1.00866409952	5.80635056500	6.15737598179
5.85195218974	1.68767217504	9.18808090149
5.56971642199	3.94386771514	7.42860661324
0.79214242687	2.89173512565	6.67483889496
2.78448472543	3.68262384969	6.98131580978
0.44414030739	4.79657674180	5.02475489125
2.61546072522	1.27670776025	8.39609024485
0.18936549419	3.82355288994	4.93355466835
2.95536785115	2.40976661150	8.21935046131
2.97063828434	1.51418007190	8.55427165389
1.88648198001	2.24786768898	7.92486579140
2.44915382316	1.38051468919	8.36118369259
1.41563941342	0.95854713863	7.71486090190
4.94928370371	0.73246061868	8.70351643231
0.96625599778	1.80047311060	7.55581167717
5.00941863143	5.19128367006	7.15881006528
4.69244906944	3.98567460957	7.23679386999
3.27604431543	5.62689093389	7.03628578040
5.03947867912	3.90986081538	7.35712316359
5.92433533052	0.78822260220	8.91579673696
4.05320614988	4.96516121323	6.87743188421
5.88902771069	3.23295285354	8.10972757694
4.67902720144	4.38965343482	7.03306465115
5.95736718085	1.61769869092	9.21093148847
3.77045063673	5.77829124004	7.29397362828
2.65404563913	0.27758851685	7.72643645219
2.75313870178	5.59374598033	6.84984767153
3.32981206948	1.35873055529	8.63920286328
4.52004405893	3.91650892694	7.24899364584
5.72929294296	1.72396635551	9.16288907257
5.31412110339	1.08250975419	8.98577134679
5.47162579583	2.57092261264	8.67074339185
1.80199031304	5.00659831979	6.14807284791
5.85205666797	0.41206077162	8.59541869097
3.11162783497	6.04888237107	7.36655466810
4.75867226875	3.16427239950	7.97478742322
3.69342703861	4.53397200425	6.77421864510
0.27409783617	4.87131947942	4.75282034957
6.01588582442	5.43830568741	7.47352312541
0.14752205513	0.96865785070	6.28791575353
2.10945361760	1.99271059877	8.15703113879
3.51045709107	1.84085382126	8.67459043710
4.53412443506	4.38080659009	7.00606899133
5.75094353664	4.97974022405	7.21373705283
0.32616855218	5.27845199136	4.99092035489
4.50340700067	4.59516600678	6.95201873417
0.70609328063	0.15800870849	6.49874659904
4.87357953992	0.67812581183	8.64748228772
5.85927754046	2.79176502639	8.53883876522
4.05954174689	4.42882654582	6.88706109322
1.49242167171	1.63811341783	7.93930533223
2.06152336264	3.85917095949	6.56663903591
0.85390833689	5.81910483678	6.03755056076
2.70200470467	5.20449301271	6.58743816734
3.50026964717	3.55566915970	7.30577745018
3.76530056452	5.52756640302	7.09066729845
0.68056353634	3.67317382436	5.80743248381
5.50599847110	4.80061684318	7.14042643836
5.49085183229	3.20116196196	8.07436787896
5.16526473654	5.54832272674	7.40503092261
5.27588874630	1.55699527579	9.09564322165
2.99371036005	3.98937133063	6.81319969145
1.92487283656	0.21819727330	7.37973455105
1.05258682098	4.00965233961	5.88757017766
4.48592778813	5.06078097270	7.00154913069
0.33866086532	4.62691032368	4.86004039601
3.35049484715	4.54131348877	6.68196341193
5.44774286335	4.87178534067	7.13904119435
5.11542549094	5.98009035773	7.76779453798
1.98098597991	1.94604552477	8.11915431098
0.70612202839	1.68396234760	7.33502818840
3.17491189775	1.13936220298	8.52573708001
1.22333880134	1.54497247297	7.77349206267
3.21524558307	5.84274013613	7.20273567450
4.18952309019	4.66804022502	6.87782456456
3.61143604813	1.21028227492	8.67304912140
0.24146799067	1.95312392639	6.60373466020
1.35036262611	5.07303302505	5.92085485675
2.13815550539	2.30216693041	8.00107536281
5.16195310146	5.47560390213	7.35228696556
1.75614048651	4.49001752737	6.10712989696
3.95275133989	5.41534906782	7.05910185429
0.92696481952	3.95178994052	5.82481010969
1.33814076392	2.35665853272	7.55563693973
4.36509014743	2.47844168548	8.53122880694
5.34883102533	2.00709211088	9.01517541581
5.15695232343	3.85729569480	7.41783183762
0.48737281395	0.34470684662	6.41955348308
5.22543994434	5.96696293401	7.77558852127
5.23735893441	1.44705829647	9.08109564533
0.97439168389	1.99089131509	7.50178870092
2.34350675276	1.79897475706	8.31338533601
2.78994965085	2.50450675370	8.09299083583
5.87896057484	2.18344897117	9.01744505529
4.86059192617	3.65502139418	7.52644280948
0.72909470639	0.57660431398	6.91034787605
2.47907170095	0.65500883062	7.99942212262
4.55581994859	3.56548019420	7.54481500063
0.91934058980	5.12325235367	5.62595802019
3.29278982599	4.79265401050	6.65442837283
2.52153310350	4.77378220360	6.40757896725
1.99947236698	3.74976850931	6.62561869469
2.43190608142	4.01071824608	6.60905732353
3.81671481521	5.07716680515	6.85492682052
0.72809760940	2.00492827839	7.27138405752
0.11791066795	0.86115466807	6.14497464694
0.86309701423	3.95320370886	5.76804354021
1.57614468734	2.06812528522	7.86736137285
0.25075446148	2.51407290777	6.28179380052
6.01954687034	0.20890328365	8.42938559587
4.75842691706	3.29665432021	7.84297521197
3.48086866930	1.52065401760	8.70167859266
5.97070433576	4.18320193925	7.35095973556
4.45965343384	4.79338008392	6.93918667251
1.50614436246	2.12393267777	7.80029606506
2.06375797312	4.20407217933	6.35160242162
0.76535735160	1.75363689736	7.38486616029
5.15690760348	0.48641344593	8.54143001659
3.42517327328	0.29961521797	7.98304723034
0.07403155985	1.72416816721	6.24764157666
2.61592732716	3.69775229758	6.91125780571
1.22028108461	4.95928696385	5.80207274768
4.72192703821	0.12764150054	8.11739704618
1.93640045812	1.65045614599	8.16537976035
0.65575645040	3.05360335324	6.37518534055
2.65427413135	1.89742475276	8.39960735093
5.44221005783	2.74732351884	8.50952644469
4.13522059350	3.92519136585	7.15870105911
4.28117129867	0.80115913888	8.61543802065
4.49889431554	0.18169311535	8.12490125328
3.79193618773	4.14887581484	6.93763445142
2.27187963756	0.91527936284	8.10403178130
5.09698644042	2.21713621848	8.86112099024
5.85692303565	5.30169867493	7.36439287250
3.05967200707	4.44102432685	6.61973745100
0.84801049599	4.44267874184	5.51594611895
3.70681632271	3.20214952209	7.70121424054
3.53999287211	0.38838321468	8.09735103898
2.80498540937	2.57531282234	8.03956548585
6.03228251574	0.49992533781	8.70338774852
0.67820528986	3.80228502149	5.69812833775
3.41419646582	1.01797808217	8.53595150503
0.12198151335	4.08684860998	4.58673640802
0.78916546979	4.75501203581	5.42562054418
1.46091865183	5.32386678967	6.10452427640
4.65287655526	0.88774689666	8.75176809208
4.90881391036	3.16035647077	8.00823833572
5.95782284179	1.01324391692	9.06065730450
0.19318381162	5.25979779194	4.71864765115
0.81887756474	1.02776345895	7.30904888660
5.38090435993	5.04384565683	7.16899510854
2.83595769693	4.71815047379	6.51317300427
1.10958297954	3.16319845209	6.67186826358
5.78592068647	5.93297299488	7.84092552175
0.33551650617	0.22098288747	6.07022217125
0.11910763423	0.62984157942	5.97864411768
3.05667307560	1.21835210339	8.52076872076
0.91007186023	2.77625420910	6.89204173586
1.40931402599	2.47679606610	7.50959769197
1.51648431790	2.43645787575	7.60342214341
4.69774199745	2.80531083671	8.31520513202
0.77469143519	2.68535863123	6.85125634266
0.09680796896	3.91315256886	4.63005603429
1.76456280868	2.51020849312	7.67695919753
4.56046078180	2.57277119203	8.49572669882
2.31513664232	5.86760569436	6.92458583440
1.50578068178	5.14668005953	6.04203939104
0.55424453429	1.71489472464	7.15807823056
0.60631154032	3.07759771828	6.29512460500
1.23457668308	5.20549388658	5.90055667215
4.72528767846	0.75696162424	8.67749349924
4.60802773443	0.29092346585	8.25376390925
4.33744739895	4.66942872662	6.91054075805
5.46439478731	5.25866964248	7.27482008246
0.15819290597	4.87520099044	4.50350357719
3.40922991850	3.27932769043	7.54624712574
3.00311278260	2.43196671413	8.21745673052
4.96757173148	3.52432537459	7.66486960661
1.08329170707	4.62384805454	5.67786240109
1.76420537759	4.05231318765	6.29657336576
1.63322467038	3.53685821815	6.63422662839
1.24360418267	3.56154245464	6.37977185832
5.87223030790	5.81161879926	7.74393844274
0.29096630347	1.31692702128	6.73984396296
0.20746473575	5.64465231835	5.00822076782
4.34563148067	4.26718056742	7.00887960248
3.50627852439	5.19770713124	6.82519649449
0.19572556035	1.76314803752	6.55979988775
1.18822577401	1.42137597248	7.73856214666
3.80076537120	3.17359305789	7.75320526189
3.58921165990	4.84421641464	6.74023806944
2.10309993574	5.20164675450	6.35934601533
6.04828339408	5.25840457707	7.37197113409
3.62310236409	5.40956405309	6.97369119029
1.91199534037	0.70221539441	7.80323645715
3.43115362071	2.63803634762	8.17206400047
4.95563389115	4.04625470306	7.24981947794
3.98238522061	2.11685596879	8.68363755041
2.95187296124	2.52546615437	8.12790855075
3.98173013661	4.73299012675	6.82911748241
4.30179007771	0.96359040051	8.72306039063
2.82845428527	2.88036533898	7.76898839921
3.67352509879	2.80685122589	8.08180983127
3.52826806760	0.69567409298	8.35646311618
0.84433687485	2.10162248636	7.33883207211
5.40271912672	0.70254357100	8.76459208346
1.08142733813	0.59385477069	7.23210588167
3.58211930116	2.78733269755	8.07660872411
4.41735988798	5.32769206865	7.11028939843
5.89584946216	0.65620061292	8.81218227854
2.63998947464	4.74328364954	6.44802442358
1.45226675979	6.01319673242	6.65153468676
2.45568403534	2.50900800461	7.97288037481
5.95998149480	4.95211391399	7.24104895505
0.35460631557	4.41481060063	4.92706728532
4.61340919283	0.88646793354	8.74287781299
4.10613260589	2.56272483214	8.40495556854
5.48033288311	0.32780166253	8.45403051168
5.63011091591	3.36850479210	7.93290009162
2.68799941458	5.39309729040	6.68689609628
0.92870714465	3.43111306005	6.26521993415
5.90568522588	1.44748459965	9.19607718098
5.76917198267	0.98944753581	9.01696678611
6.03518871379	3.37336491127	7.99478747642
5.80031819471	3.43476299922	7.89741647871
2.58404105474	0.81666666742	8.15686569063
5.77614378433	5.21420146776	7.30568949405
0.05252584366	1.75233868021	6.17427218538
5.54900194835	0.16422387189	8.30746688058
2.03561381611	5.19248334751	6.32597763583
1.86543971841	5.59060273387	6.49703020006
4.79350596393	0.14390523727	8.14780489829
5.73638999614	1.85339818651	9.13611606728
5.01290862334	1.93174117677	8.98254176492
3.81971251325	5.37605013388	7.00212449545
0.99042969144	3.40942154183	6.33711385071
1.50415576864	2.61652847736	7.44955059566
2.06518875811	4.64107983521	6.22832700221
1.82533663700	5.56747449677	6.46026375718
3.72714111585	4.79587834129	6.77034082239
4.42311240318	2.98558278704	8.08349745850
1.34792071653	5.80158712922	6.39180143210
1.40646707206	0.66886756352	7.51107938646
2.53052784549	3.47733136396	7.07946841748
1.09483222484	0.75079867792	7.36478655280
4.69176018931	5.75058229999	7.47623842346
4.76866399507	1.02713345228	8.85527783913
0.38401090061	2.04104610523	6.82206036898
0.80090596086	4.91584404756	5.45657265958
6.01804088783	0.60793706480	8.79293357043
0.63479570856	5.95699556583	5.94345984386
1.54974034920	0.46524846354	7.42258163485
0.97077327693	4.38064582455	5.64030280363
4.60314994568	2.91976988683	8.18593042158
0.71324657089	1.94832143610	7.27842828388
1.97530692449	2.50174307671	7.78326399168
0.53340537200	0.07577401195	6.21789088145
5.63632842992	0.09573446247	8.25451510155
5.32086938917	1.03950683141	8.96599995756
0.91387439435	1.21533215224	7.47553384118
5.24618743890	5.51503482289	7.39554275838
1.14680706301	0.74566637808	7.39894483013
1.51927237007	2.68033415128	7.40193817207
5.36406047660	2.65781190218	8.57669798597
0.24508753599	3.71782289700	5.13840687977
1.34234054467	3.72708416399	6.29889024186
2.33973107732	3.03924583442	7.44001663472
5.38469045094	0.69129020339	8.75276829019
2.06167605709	3.84099662723	6.58050548167
4.38662361534	5.03816113342	6.97287690468
3.73906668385	3.52630837377	7.39455599935
5.22742347806	2.98311632537	8.24474299519
2.10431025491	3.31606672277	7.06895194480
5.33989332871	5.78949538109	7.63337614568
2.96044422708	5.56905672041	6.89774450757
2.69622029611	3.26962571485	7.33913390280
4.73541781219	3.76028601740	7.41284035311
2.15446568415	0.83389594723	8.00417711575
5.62727154928	3.01057380326	8.28803132143
1.86819268704	1.50149136618	8.13445695244
1.51793455081	2.76463425389	7.32420043726
1.14927344583	0.81241467087	7.44819746877
1.65688274242	4.13248141544	6.19525089490
2.44309807704	5.96997632225	7.06887350895
4.77843153571	2.36158282737	8.70468887944
5.37908240345	5.11215933711	7.19309040957
1.54971421071	2.62149890751	7.47088373189
0.13355037969	1.69288285381	6.42056675461
2.90630068032	5.17138223168	6.63919604463
0.11568986804	4.26877706293	4.47711739454
0.81039610617	4.73572402227	5.44520913424
4.88748880671	5.33571207252	7.21091562916
0.35761750550	1.29527954566	6.85036940213
5.31192402249	4.66252442397	7.10348143614
3.08781013321	4.46301808919	6.62254143036
0.29497141340	0.48696172103	6.24721536967
5.71169976728	3.19150681521	8.12175655941
0.86316586741	2.53306687399	7.06516094582
4.44045913135	4.28389853202	7.02223083281
3.48650309048	4.04712829247	6.91768863408
5.93288108792	4.39669516097	7.25749752601
2.87894082514	1.10029138882	8.41832840894
5.26656457629	1.76213600115	9.07580001285
1.12633094144	1.50061064849	7.70325357767
5.77385422750	1.11459479734	9.07975400570
2.69419215877	2.62192692190	7.96271885682
4.20407941422	3.08787257254	7.93380900645
3.10846331910	3.57821198948	7.17489950956
0.69312423567	2.72847359859	6.72920503594
0.42702271523	4.64883623670	4.99826270325
1.15785323313	3.80870118882	6.10964337402
0.49056141045	0.86905658517	6.84966790151
0.56798971372	5.92258009987	5.83254826343
4.47015922250	0.89340049186	8.71734445484
1.37784662648	2.80518170301	7.20365377294
3.34415243313	4.91903521164	6.68687802242
4.32965008987	5.96269403352	7.59288409974
1.24623375772	5.42148452411	6.03029436276
1.50290831938	5.53622942490	6.26816240826
3.66930929277	4.19841390578	6.88141272200
2.65267440152	2.55643969812	8.00425377726
1.17602458867	3.84732745874	6.09259163544
5.86840640894	5.83592341205	7.76509764496
1.43714647115	2.59320135475	7.43064808036
2.51916026379	1.74120800991	8.39035351537
0.21959700432	4.00788790282	4.86847919584
3.92634519029	1.03448172632	8.67532851764
1.99816456744	1.24130458622	8.14261541588
4.80056297243	2.48028269661	8.61994525935
3.99907357317	1.67880285659	8.82716830014
1.77892973402	3.96470096813	6.36053993813
1.90134956591	2.31142873343	7.89043169835
3.75984772590	3.69737949477	7.24743575445
4.29535703016	2.13419967686	8.74584303529
2.32972301655	2.47486253309	7.95239606575
2.59223646571	2.74215943535	7.81978183053
4.42782513160	5.29821801753	7.09587364193
3.88614229339	5.80123833754	7.34255264995
0.76103435536	3.40683024648	6.13512972228
5.94211560770	3.25353738605	8.09786009701
0.55507999783	6.01602584751	5.90548799662
3.42686587241	3.41653259250	7.41686595316
6.04043404139	4.00306906165	7.46651943393
5.25746375678	1.40979567943	9.07946594790
5.70481395809	1.04046899844	9.03313587104
4.85343490968	0.65027135235	8.62161058851
4.82432445171	0.44128817830	8.43759235702
0.56404074782	5.88911707888	5.79660150582
3.95167032203	4.16015776152	6.97042033173
5.49622563637	1.63738373739	9.13262146672
1.32141135605	3.79299331821	6.23196767143
2.43956062653	3.18853096529	7.32875112772
3.32211724022	0.67626082596	8.28533400097
1.65187977244	3.42034294814	6.75398271526
3.00935255920	2.67844156479	8.01459237453
0.05512928922	5.60221025907	4.56972377219
3.33500820255	4.61263227768	6.66802669816
5.03374314902	2.78750355334	8.39766525660
2.16379418421	4.79004433180	6.27050788282
3.43295312912	2.18734031501	8.50589092877
4.88814152541	5.05615156670	7.08149258306
3.44845250267	4.99238467939	6.73315222385
4.88355598103	5.74819035184	7.51225625420
2.59654091486	3.92699529194	6.72528895872
3.21852677854	4.24574761943	6.73693996718
4.22764351209	1.05962035019	8.75756108668
5.47991536940	1.56570986726	9.13198218599
1.32255569724	4.99313862489	5.87814848984
4.39421403288	5.33893541054	7.11185917383
3.99268300328	4.39254562322	6.88220553300
0.27216087413	3.64619769477	5.25305306580
4.68301865561	5.46093520487	7.24956642010
2.42188096721	5.37471751779	6.58051464204
0.58687081494	5.96521956998	5.89557388098
5.05813927903	4.87223339764	7.06828365811
1.79002488642	4.58361182127	6.10753669388
4.39782726844	1.31539901417	8.89025721645
0.19296170891	3.63683314384	5.09677915116
1.17257940259	0.78667386725	7.44677433003
3.82989048442	3.40639963388	7.53064152572
2.11268646407	0.54575644450	7.76515846344
0.69944142637	5.51511443692	5.63966392025
0.31241497410	5.74402497688	5.29736342914
4.62984302258	3.68473949239	7.45457490045
3.30651307070	3.84842140228	7.00564941019
0.38272737405	1.09927599731	6.81945744451
3.82803747277	4.68153116980	6.79238628670
2.69322297896	3.63498851280	6.99218014639
2.47896342559	3.38985134016	7.14449979582
0.90325057763	1.90213853226	7.47448546462
3.62516898762	5.70081144604	7.19087559569
2.20139520194	1.33874483690	8.25614834663
0.12965968290	3.51326208915	5.05464297453
1.56493145974	2.42270848100	7.64088744111
1.69682027881	1.44548303864	8.04465033595
0.96463282057	1.14510082558	7.49148792998
4.89675012506	1.68322133052	9.01834679581
0.27660901116	4.21031551442	4.86841083742
1.51796451288	0.30178475102	7.25334802610
0.98399301194	1.31100414622	7.56299300725
5.46435920570	5.77640002521	7.64390742539
3.71799693548	5.67760303143	7.19531487539
5.68689109935	3.39694984607	7.91488893895
5.14772410226	2.34641102470	8.78626254841
1.85368629797	1.38441188306	8.11266619205
0.51479393990	2.83601284041	6.41899169781
3.99630144136	5.90381432742	7.46200646886
3.53686958984	2.82578631094	8.02841711127
4.71879270332	2.59846618204	8.50628633116
3.25664948583	3.25714269255	7.52566230343
2.63239055329	4.41480511870	6.48886664656
1.00603393829	0.51311196111	7.10514427537
2.50997488868	5.05083047494	6.45824268068
2.31181791964	3.64279929975	6.84652737150
3.07901481150	1.34168298059	8.56283891833
5.88179605270	0.08233652062	8.28202558352
0.73961259437	5.63822022507	5.77468209459
5.04435478830	2.63213922570	8.54063563592
1.39382905636	1.70438565737	7.87441287967
5.16537828162	5.79070896626	7.60272769733
3.43657484319	5.36660496453	6.89746688650
1.97670137083	1.62667894716	8.18525461826
4.50637425182	3.91954846678	7.24395531657
2.38331454030	2.93592732718	7.55875620524
2.79141062027	5.34456308251	6.69187104995
1.32122495958	3.15230061689	6.82744214662
3.83261711334	5.96860652356	7.48361664050
5.62949982726	0.92046604303	8.95364992791
4.00898461467	3.29605041836	7.68148079766
1.03964621727	2.09180824446	7.50797822536
0.69871229456	3.58706620757	5.90275940094
4.42942261221	4.21133033539	7.05239456121
5.12237817458	3.94146387818	7.35029866840
5.15222402709	2.37522158550	8.76663049843
2.06998186654	0.77443722310	7.92716763553
3.32302572171	4.70406456250	6.65974178681
0.14060481281	2.07742772163	6.32061945129
5.81156006753	4.66623291581	7.18932656701
0.62716046030	2.15172871057	7.09118034054
3.76977154042	4.90314180955	6.79565765302
0.32345899829	3.82974879788	5.19511148771
3.38289296793	1.60847165541	8.67561402161
5.78798863951	3.47159968773	7.86031562792
1.00284632801	4.80184035498	5.61571049349
0.84694869439	5.19087949604	5.59113581188
5.87316125280	4.71103070113	7.19837379132
3.59390929241	3.57747071184	7.31057773123
5.99652638270	1.05744122890	9.08942160776
5.50439384397	4.18889040606	7.27018257082
1.97586929043	1.48853656776	8.18306046618
5.05987196285	4.19904994280	7.18475248031
1.67460387945	2.90070211508	7.27958207670
1.38169419660	1.91603883992	7.81690662837
1.98143796858	3.39551028804	6.93774267207
0.45637747036	0.19703782550	6.23445417252
2.39261668991	2.02933202421	8.25476556882
3.18194027054	5.28797523622	6.78054680700
0.93865467639	5.16526186558	5.65992272255
2.99406244858	2.99457579171	7.70960857890
5.80403140209	3.93656655823	7.47317342820
1.51756718282	5.82221869609	6.51108445556
5.59449297599	3.70608449187	7.61680764807
0.23529928604	2.19321506615	6.47577557208
5.94790797425	3.04414178938	8.30780286702
4.02185157059	1.31419360254	8.80559949066
0.65194386534	3.75029532716	5.71128773944
5.23409214706	3.71790110190	7.54321356098
3.72981598253	2.37524870076	8.46103582050
3.02347531338	1.65832782353	8.56831813249
1.21287840952	5.78379981848	6.28781420561
3.58795402002	5.89487029866	7.35260436618
1.61014557978	3.42557428792	6.72676909529
2.28850839688	1.56980973193	8.31787053765
5.53163206649	4.15690653311	7.29133424938
1.02067221979	3.46374962213	6.30922713028
3.04862387311	4.20109072522	6.70768974077
1.02753352095	5.82237076709	6.18654781307
5.72521080756	1.61604566068	9.17289016347
5.97109012695	4.25711440104	7.31609918704
5.97185321755	0.35057033815	8.55779568019
0.43920576661	3.99977108746	5.25742610560
1.03763129817	0.54407525215	7.15672578047
1.00257959696	2.99786510726	6.75473267620
3.68221299905	5.94772570199	7.42629354159
5.78691229409	1.88921598690	9.13391838738
3.76888963293	4.11931177393	6.94807530498
0.79346557830	5.54059187303	5.75264100987
3.97945047685	4.80103230789	6.83229268265
5.89812298314	5.39656669941	7.42750217016
5.32190695133	2.19505706442	8.91542715583
3.83838290604	2.69281075045	8.22831225540
5.79771474697	4.38701147183	7.23844471694
2.50497056157	2.51042577937	7.98978834132
1.08294804960	3.75405699102	6.09880182117
5.03855947781	4.11100691834	7.22728580348
1.63914133126	1.26559876287	7.97620437173
5.18727700800	5.58464474236	7.43647198271
2.42871381359	3.54140217562	6.98238822672
1.51327111238	4.08246594839	6.14539218050
4.01592007908	2.25933524772	8.60912746921
5.28711258777	4.52087234168	7.11605085735
1.14120713237	0.08284601726	6.79921745329
3.13389854710	3.80282989669	6.99122902735
5.00308751220	5.13251979110	7.13207476936
2.98528728848	5.71398438355	7.02145295811
1.92375934528	1.83536644451	8.12795744881
0.39421036561	1.82856672465	6.91352517257
4.93420097121	4.12712153896	7.19834571193
3.06865179483	1.92723768066	8.52299748997
5.54490869036	2.45495183247	8.77721692357
2.17301641683	4.94208926341	6.29757289834
1.42970198364	2.63775605346	7.38769968338
3.68117145646	3.11821883891	7.77860350952
4.42676438974	5.51895021370	7.23691585628
5.55754423262	3.51833385585	7.77755998821
0.65180071683	0.84305621338	7.02961219098
2.49168587041	2.01776581407	8.29662850755
3.28577808152	3.82171695615	7.02033807073
0.27325492657	0.61450126980	6.31515895970
4.17798622595	3.66471755021	7.37464971265
2.92709209122	2.15262956456	8.37771728956
5.40805316391	5.23439942366	7.25255575298
2.09249466167	2.32741283668	7.96467363358
5.60903558227	5.07320209237	7.21866929884
0.84685505936	3.85077524190	5.82752774967
1.71111565650	2.72535407367	7.46413095045
5.42010162351	4.75551471768	7.12243117221
4.05070669761	1.40619978735	8.83155826299
4.71201285950	1.76347923923	8.96959984759
2.03844509406	3.78091231570	6.61751734277
3.52298691806	2.20996325005	8.51675432397
1.03204652680	4.04366383761	5.85013931413
3.96047385806	0.76312423297	8.51505219361
4.25056156283	2.59426116113	8.41090694436
4.05770337021	3.17055471612	7.81774124868
2.32502363741	3.77222629472	6.74249643567
2.04277316146	5.44934377692	6.47553795813
0.55680310730	4.77020459898	5.17328959697
5.85817206719	1.80981125587	9.16749357635
1.62493035964	3.23126865624	6.92531001989
4.23245246168	0.08964408900	7.97598875522
4.08916708484	3.36841029508	7.62909895606
2.75795689937	5.64612410745	6.89271977176
1.93042482001	5.59832339195	6.53324802049
5.91378163589	3.28841229960	8.05869211226
4.10292773479	3.00925012910	7.98909956515
2.02109797064	2.42714962604	7.86175451207
0.67356470729	4.27736471720	5.39992012950
2.22729900138	1.20002485073	8.22551130597
2.39652509993	3.03179122892	7.46912278110
1.67157506586	4.24445636326	6.14693688609
4.57911296084	4.84281371627	6.96945041591
1.71573932649	0.64451691328	7.66297511714
4.26171532073	3.91217326595	7.19641983044
1.85238195775	3.13364852950	7.13730936918
1.68284579068	1.55486418218	8.04516086704
5.15289153901	4.72400159551	7.07329606722
0.79925875935	4.02023735691	5.66450369004
5.30461804136	4.18940695342	7.23459040904
1.11227912607	4.71744770813	5.69546628156
4.61453882153	4.88617578655	6.98332923601
6.03926080334	1.15177120875	9.13862393024
3.86963204361	0.61395934044	8.37816643762
2.66441124485	5.05424594400	6.51382841917
3.09945156898	1.12794613122	8.49862496196
3.33284335626	2.98236654456	7.82100523259
0.80506498272	0.39794036379	6.82741718825
2.70125769580	1.09986613446	8.35967240936
3.53118335790	1.07025206794	8.59365287974
0.98459729265	4.92661332600	5.61989761503
2.62644541391	1.57510361195	8.44284038536
4.88592154171	2.54874766381	8.58127643713
3.53001795144	1.58996463136	8.71583941347
2.14768669833	3.14008597295	7.26230543802
3.03929648965	2.81161404244	7.90099086366
2.59712622393	4.51131309333	6.45275223931
5.51429070377	4.79890570859	7.14171671060
5.34437392506	2.04751525394	8.99656107435
1.24572391552	4.75863546532	5.78997385330
3.26999856637	2.41484305233	8.30919894601
1.62432058144	2.67004043327	7.46881024796
3.78539204779	5.82244546969	7.33678690127
2.19983109206	3.78287013708	6.68409382341
4.82513544737	0.84333432065	8.75751208640
5.55823158375	5.16111304875	7.24456915556
1.80565707253	5.44667485054	6.36458045078
2.50694782503	4.67171811723	6.40124551399
1.31541344318	2.21335386688	7.63501011618
1.31878095314	3.54843906203	6.44087808973
0.91640217982	3.01182015850	6.66962686630
4.24100154782	1.50898494202	8.88646038438
5.89680791271	2.85200832959	8.48778115104
4.73615909029	0.22286687394	8.21398675052
3.98392155862	4.16261718111	6.97677922965
4.73816923224	3.61037059813	7.54156691466
1.79619351817	1.31159430962	8.06887042413
4.73260342988	1.06023084803	8.86471520690
2.32160004265	5.80999328774	6.87509277436
1.17350167196	3.27286446103	6.60851905016
1.65870692689	4.15611702894	6.18349086563
4.14506525584	5.57848803493	7.21897350100
2.67050813077	1.87496130156	8.41214935202
0.49606390092	5.39929622349	5.32013935866
6.00805347924	1.48801133127	9.21673883090
3.18978567355	0.71390323108	8.27649238611
5.01785504197	3.22014867212	7.96944237995
5.88439321300	4.12521534534	7.36769569122
2.90136126937	2.85474828968	7.81705580702
4.42532566350	3.27958534075	7.79103802051
2.29563421694	0.90362398582	8.10624864782
0.36159664158	5.18488273831	5.00417593662
2.60096924921	1.34098909649	8.40766370910
1.65111715633	1.73071293807	8.01597661680
3.82445065459	4.64205397421	6.79350277704
5.33750718053	5.63613354064	7.50399086808
3.90561265977	0.42221145759	8.22053294156
3.51774988704	1.75470789199	8.69590821962
0.31477359540	0.24571290785	6.05821189848
1.85155268130	3.12284288958	7.14771947013
2.70523590645	5.21774664370	6.59487146349
2.10069733009	3.34708395189	7.03695823515
4.89334944626	3.22713716320	7.93855865766
2.79405685086	0.80302642298	8.21894680897
1.43834720677	1.34122271076	7.88380793981
2.77245685526	5.37606479343	6.70463119338
2.31801982032	0.26822998560	7.59445459650
0.33870386725	2.60372452757	6.36876866516
2.23506546287	4.66668217032	6.29763773793
1.11940609475	3.44546920543	6.40145011116
5.42978267275	4.13353565731	7.28611682502
0.15998166448	1.60453983027	6.49408226207
1.23591192640	5.69331399772	6.22606895265
1.97112855189	2.08186264670	8.05653324300
0.14728312837	1.34720147176	6.43829491975
1.78047337508	1.07984207878	7.97644667982
2.14922850583	1.08773547067	8.14701892121
5.32666617059	0.07161550122	8.17643979872
0.10050520565	1.64169153311	6.33540262784
1.00993634503	0.61737788818	7.19625464621
1.61242331504	0.56212419174	7.54115758888
2.06125304511	4.94136345952	6.25018450368
2.31630256991	4.41314715603	6.37320026462
1.69442923653	5.47214305898	6.32625743412
5.04703046861	2.11572150046	8.90860681543
2.46198474521	2.18287759966	8.20242905623
4.07139159513	4.43765897250	6.88737336193
2.17987629975	4.52480991668	6.29167613943
5.65474273077	2.78053921384	8.51531019033
1.30410933270	3.75482148579	6.25168599101
0.77357472592	0.66573633362	7.02723389344
2.71799631384	3.14539094989	7.47038315729
0.42687346614	2.92046046760	6.21535781420
1.56693693974	1.08451163789	7.86752173075
1.91241240377	2.42261452990	7.81613488856
0.47099893989	1.93445289295	6.99377920492
3.08193224947	0.13890604134	7.72830652793
0.90328511617	0.90869494531	7.31761094968
4.21070804229	4.04597853838	7.09555619186
2.77514772812	3.98602959091	6.74565701584
2.91976167188	1.42717144811	8.52965442868
3.29021828898	1.01701554131	8.50102501527
4.37227192273	0.76216677804	8.60767108892
5.38318878168	3.96664862682	7.38038427187
2.60883450937	4.04061240265	6.65399118907
1.67189985685	2.37377392814	7.73417619020
4.17773890775	5.88291443752	7.48451559481
4.99154267482	3.25255286162	7.93217756501
1.56149926985	3.32698555980	6.79611646833
2.60948561871	5.15150702888	6.53180914693
1.45492096493	1.55468462420	7.91968332523
4.81290315221	2.25564265884	8.78275068490
1.30057064865	4.31398159246	5.90323736672
1.82768479335	2.08752480305	7.98698864265
2.60935706596	1.66115335125	8.43281173927
1.73960087504	3.83536001302	6.43479019532
4.97513370215	2.22689755287	8.83215137290
2.36990155185	0.58190805703	7.89905005923
5.35302054879	5.36645826303	7.31598565754
2.17661839212	3.42778219068	6.99049423587
2.43140553376	4.34110237047	6.44077415500
4.62728395852	3.91165675572	7.27470160337
1.18834387591	5.91304852514	6.38804377246
4.34824371722	4.69920104821	6.91205575062
2.00085002459	0.72545542331	7.86107855266
1.44217125295	3.47191871631	6.58795535021
0.50067409558	5.54354131387	5.42548570994
0.46912725929	4.41489888199	5.10050221317
0.06951794553	4.01806291165	4.47686741881
1.19805401006	3.75364144821	6.18196940710
3.20342808324	0.20943516744	7.83356918905
1.42551402319	0.47375129302	7.35864198372
1.57894328550	0.91784446131	7.78432662551
2.58729357300	5.06096167412	6.48928381565
5.50116157726	0.90449452914	8.92180904140
0.41649711971	0.37206954778	6.34411905239
4.27922678325	4.75208694477	6.89763345873
0.95111525377	4.14142680248	5.72816350095
0.61575702815	4.40024846932	5.29046497607
1.84883823273	1.82471081885	8.09561487017
3.08201417714	0.79986318159	8.30713210214
4.52796362467	6.01438755836	7.68473624741
4.36684533104	5.70069055218	7.36589700559
3.00257549088	5.72038564070	7.03218535756
1.20562720284	2.21692121450	7.56015421688
4.93089329329	5.88406216170	7.64266129676
1.20475356154	2.11391598770	7.61723145417
4.63416637627	0.74012369619	8.64667223458
0.32449696821	0.35984941998	6.18416720407
4.18578474806	2.40525703203	8.54757626792
4.98599601860	1.98565723447	8.95702384104
0.40676831227	0.44320916816	6.39471116046
3.40453201774	1.68768672647	8.67543849954
5.52730042882	5.94745175085	7.81076902135
1.63241636240	1.48762794626	8.01539411513
5.43289007905	1.15113770214	9.03698236765
3.52013679496	1.19850795194	8.64490304058
3.85663660309	3.82402698296	7.16821468270
2.31839109092	5.34478758877	6.52296197163
5.16793754684	3.52986493369	7.69741971304
3.41156635637	2.25485154101	8.45920182504
5.67431291790	2.62380115475	8.66032142617
3.20335321772	3.12773023360	7.63950204331
2.81275848777	1.86114190426	8.46375533725
0.09287912540	2.99288616174	5.46407608747
5.39379283501	3.22764737048	8.03090214468
4.72319631724	3.39593628753	7.73874690370
5.84883430256	5.98262715942	7.89833863657
3.99019379274	1.18737733344	8.75829437077
4.62957966700	0.49948201166	8.45032434024
4.91611231398	0.31055461571	8.33400156521
3.95245260268	4.57667263530	6.83115800513
5.32483524480	4.31670150827	7.18182532415
4.80126720947	4.63819659999	7.00868449790
0.06306476697	5.94044255202	4.88887759474
2.04241985586	3.51696121441	6.84928687353
2.02890243588	2.77315967236	7.57014231454
4.50528754310	0.35052440692	8.28894190086
5.96378399648	1.24455245677	9.16031722548
4.36377165966	4.94077988643	6.94130805946
2.99452240310	4.46236118992	6.59435697526
0.78911269944	5.16976366480	5.52744662435
3.21673475125	2.66674542872	8.08671009822
2.22094454382	2.94888630225	7.48241069364
0.17664153661	5.42460645514	4.77756866233
1.41691975326	3.56854740694	6.48317097644
5.61119759490	2.83272415188	8.45862918914
4.15769035096	4.65108781139	6.87152351179
0.85334731055	4.61143823892	5.48973413010
3.16653960149	3.77943797945	7.01945678610
5.06196757070	0.42721966290	8.47059863158
2.80339351031	0.41519916686	7.90592014279
5.66570903638	1.21910604377	9.10269749913
4.67204664483	2.70183509137	8.40573889641
3.83286138952	1.42939276226	8.78311158784
2.80308947865	4.71704109150	6.50245920393
3.84909216277	2.04203706533	8.68806557522
1.74884143746	0.14630079151	7.22464154055
4.87922553506	1.70504696260	9.01225095122
1.05548177466	5.89451929010	6.27391224542
3.61677885035	1.96018649487	8.66385692206
3.74879952804	3.68122880447	7.25846467813
0.27776813413	5.89954526250	5.37289774410
4.29396829363	4.99716949553	6.94037172554
5.69214835716	2.36964570494	8.86589675896
3.70252606159	5.13328607304	6.84792647086
0.90485208779	3.26376431655	6.40839866532
3.27723458682	2.80870201739	7.97358485689
2.41336321251	1.44828028248	8.35838834336
4.06437685038	3.78977155018	7.24451160839
1.98173478905	4.66626130606	6.19013726901
1.32526081374	2.58429117003	7.36961315052
0.47638445110	4.52152397564	5.08477799985
5.80546105685	5.79104632010	7.71474277134
0.69327986109	1.01750590268	7.17870214555
0.72320593962	4.47995567445	5.38602602225
4.35914200003	2.15693055177	8.74742131510
3.82364495889	1.12360069028	8.69249588854
5.51432743161	0.22676502107	8.36280938981
2.44237440183	5.67863204456	6.80832326558
0.92605191835	4.14878320325	5.70312308960
5.72713454259	2.18090315905	8.99382245321
1.89410589408	5.56463052332	6.49071953204
3.67403089651	5.23033191153	6.88457431701
0.76415040635	4.86939376012	5.41264553761
2.66686233726	2.42388324108	8.11446372448
5.60922701672	0.13869153743	8.29255938259
2.11458529943	0.11428956844	7.36093793910
3.90363493456	3.69450834528	7.28510749752
0.46358761977	3.56007272174	5.64247216465
1.92477724804	3.00698903605	7.29741813026
4.43906222419	5.50619250202	7.23038858444
0.87094181595	2.89300892285	6.74649507088
4.09860702902	3.32942095834	7.66942409436
3.61150906389	4.05439674226	6.94613078635
1.75667681183	4.87640972250	6.09619565974
3.86956500233	2.63710184443	8.28540368375
2.51037602354	5.64915850982	6.80926753631
